N°	Toe Level	Graduation	Blow_Count	Energy(kJ)	Cumulative_blow_Count	Penetration_per_blow(mm/blow)	comments
1	-39,01 MLWS	40,00					
2	-39,26 MLWS	40,25	5	36	5	50	
3	-39,51 MLWS	40,50	8	36	13	31	
4	-39,76 MLWS	40,75	8	36	21	31	
5	-40,01 MLWS	41,00	8	36	29	31	
6	-40,26 MLWS	41,25	8	36	37	31	
7	-40,51 MLWS	41,50	7	36	44	36	
8	-40,76 MLWS	41,75	7	36	51	36	
9	-41,01 MLWS	42,00	7	36	58	36	
10	-41,26 MLWS	42,25	7	36	65	36	
11	-41,51 MLWS	42,50	7	36	72	36	
12	-41,76 MLWS	42,75	7	36	79	36	
13	-42,01 MLWS	43,00	7	36	86	36	
14	-42,26 MLWS	43,25	8	36	94	31	
15	-42,51 MLWS	43,50	8	36	102	31	
16	-42,76 MLWS	43,75	8	36	110	31	
17	-43,01 MLWS	44,00	7	36	117	36	
18	-43,26 MLWS	44,25	8	36	125	31	
19	-43,51 MLWS	44,50	8	36	133	31	
20	-43,76 MLWS	44,75	10	36	143	25	
21	-44,01 MLWS	45,00	9	36	152	28	
22	-44,26 MLWS	45,25	9	36	161	28	
23	-44,51 MLWS	45,50	11	36	172	23	
24	-44,76 MLWS	45,75	11	36	183	23	
25	-45,01 MLWS	46,00	10	36	193	25	
26	-45,26 MLWS	46,25	10	36	203	25	
27	-45,51 MLWS	46,50	11	36	214	23	
28	-45,76 MLWS	46,75	14	36	228	18	
29	-46,01 MLWS	47,00	13	36	241	19	
30	-46,26 MLWS	47,25	14	36	255	18	
31	-46,51 MLWS	47,50	14	36	269	18	
32	-46,76 MLWS	47,75	14	36	283	18	
33	-47,01 MLWS	48,00	14	36	297	18	
34	-47,26 MLWS	48,25	17	36	314	15	
35	-47,51 MLWS	48,50	16	36	330	16	
36	-47,76 MLWS	48,75	16	36	346	16	
37	-48,01 MLWS	49,00	16	36	362	16	
38	-48,26 MLWS	49,25	16	36	378	16	
39	-48,51 MLWS	49,50	17	36	395	15	
40	-48,76 MLWS	49,75	19	36	414	13	
41	-49,01 MLWS	50,00	19	36	433	13	
42	-49,26 MLWS	50,25	19	36	452	13	
43	-49,51 MLWS	50,50	19	36	471	13	
44	-49,76 MLWS	50,75	20	36	491	13	
45	-50,01 MLWS	51,00	20	36	511	13	
46	-50,26 MLWS	51,25	24	36	535	10	
47	-50,51 MLWS	51,50	23	36	558	11	
48	-50,76 MLWS	51,75	23	36	581	11	
49	-51,01 MLWS	52,00	24	36	605	10	
50	-51,26 MLWS	52,25	26	36	631	10	
51	-51,51 MLWS	52,50	31	36	662	8,1	
52	-51,76 MLWS	52,75	26	36	688	9,6	
53	-52,01 MLWS	53,00	26	40	714	9,6	
54	-52,26 MLWS	53,25	25	40	739	10,0	
55	-52,51 MLWS	53,50	29	43	768	8,6	
56	-52,76 MLWS	53,75	25	49	793	10,0	
57	-53,01 MLWS	54,00	25	49	818	10,0	
58	-53,26 MLWS	54,25	25	54	843	10,0	
59	-53,51 MLWS	54,50	28	54	871	8,9	
60	-53,76 MLWS	54,75	29	54	900	8,6	
61	-54,01 MLWS	55,00	29	55	929	8,6	
62	-54,26 MLWS	55,25	24	68	953	10,4	
63	-54,51 MLWS	55,50	24	68	977	10,4	
64	-54,76 MLWS	55,75	26	68	1.003	9,6	
65	-55,01 MLWS	56,00	26	68	1.029	9,6	
66	-55,26 MLWS	56,25	26	68	1.055	9,6	
67	-55,51 MLWS	56,50	26	68	1.081	9,6	
68	-55,76 MLWS	56,75	25	67	1.106	10,0	
69	-56,01 MLWS	57,00	26	71	1.132	9,6	
70	-56,26 MLWS	57,25	29	72	1.161	8,6	
71	-56,51 MLWS	57,50	24	90	1.185	10,4	
72	-56,76 MLWS	57,75	23	85	1.208	10,9	
73	-57,01 MLWS	58,00	25	85	1.233	10,0	
74	-57,26 MLWS	58,25	24	80	1.257	10,4	
75	-57,51 MLWS	58,50	26	80	1.283	9,6	
76	-57,76 MLWS	58,75	30	85	1.313	8,3	
77	-58,01 MLWS	59,00	27	95	1.340	9,3	
78	-58,26 MLWS	59,25	25	95	1.365	10,0	
79	-58,51 MLWS	59,50	26	95	1.391	9,6	
80	-58,76 MLWS	59,75	25	100	1.416	10,0	
81	-59,01 MLWS	60,00	29	100	1.445	8,6	
82	-59,26 MLWS	60,25	24	110	1.469	10,4	
83	-59,51 MLWS	60,50	25	110	1.494	10,0	
84	-59,76 MLWS	60,75	28	110	1.522	8,9	
85	-60,01 MLWS	61,00	24	120	1.546	10,4	
86	-60,26 MLWS	61,25	22	120	1.568	11,4	
87	-60,51 MLWS	61,50	24	115	1.592	10,4	
88	-60,76 MLWS	61,75	26	115	1.618	9,6	
89	-61,01 MLWS	62,00	20	115	1.638	12,5	
90	-61,26 MLWS	62,25	24	115	1.662	10,4	
91	-61,51 MLWS	62,50	24	115	1.686	10,4	
92	-61,76 MLWS	62,75	24	115	1.710	10,4	
93	-62,01 MLWS	63,00	26	120	1.736	9,6	
94	-62,26 MLWS	63,25	26	120	1.762	9,6	
95	-62,51 MLWS	63,50	26	120	1.788	9,6	
96	-62,76 MLWS	63,75	26	120	1.814	9,6	
97	-63,01 MLWS	64,00	26	140	1.840	9,6	
98	-63,26 MLWS	64,25	26	140	1.866	9,6	
99	-63,51 MLWS	64,50	26	140	1.892	9,6	
100	-63,76 MLWS	64,75	26	150	1.918	9,6	
101	-64,01 MLWS	65,00	26	160	1.944	9,6	
102	-64,26 MLWS	65,25	26	160	1.970	9,6	
103	-64,51 MLWS	65,50	26	160	1.996	9,6	
104	-64,76 MLWS	65,75	23	160	2.019	10,9	
105	-65,01 MLWS	66,00	26	160	2.045	9,6	
106	-65,26 MLWS	66,25	26	160	2.071	9,6	
107	-65,51 MLWS	66,50	29	160	2.100	8,6	
108	-65,76 MLWS	66,75	29	160	2.129	8,6	
109	-66,01 MLWS	67,00	29	170	2.158	8,6	
110	-66,26 MLWS	67,25	29	170	2.187	8,6	
111	-66,51 MLWS	67,50	29	170	2.216	8,6	
112	-66,76 MLWS	67,75	29	170	2.245	8,6	
113	-67,01 MLWS	68,00	29	170	2.274	8,6	
114	-67,26 MLWS	68,25	29	170	2.303	8,6	
115	-67,51 MLWS	68,50	29	170	2.332	8,6	
116	-67,76 MLWS	68,75	29	170	2.361	8,6	
117	-68,01 MLWS	69,00	29	170	2.390	8,6	
118	-68,26 MLWS	69,25	29	170	2.419	8,6	
119	-68,51 MLWS	69,50	29	190	2.448	8,6	
120	-68,76 MLWS	69,75	29	200	2.477	8,6	
121	-69,01 MLWS	70,00	29	200	2.506	8,6	
122	-69,26 MLWS	70,25	29	200	2.535	8,6	
123	-69,51 MLWS	70,50	29	200	2.564	8,6	
124	-69,76 MLWS	70,75	29	210	2.593	8,6	
125	-70,01 MLWS	71,00	29	210	2.622	8,6	
126	-70,26 MLWS	71,25	29	210	2.651	8,6	
127	-70,51 MLWS	71,50	29	220	2.680	8,6	
128	-70,76 MLWS	71,75	29	220	2.709	8,6	
129	-71,01 MLWS	72,00	24	220	2.733	10,4	
130	-71,26 MLWS	72,25	24	230	2.757	10,4	
131	-71,51 MLWS	72,50	24	230	2.781	10,4	
132	-71,76 MLWS	72,75	24	230	2.805	10,4	
133	-72,01 MLWS	73,00	24	230	2.829	10,4	
134	-72,26 MLWS	73,25	24	230	2.853	10,4	
135	-72,51 MLWS	73,50	24	230	2.877	10,4	
136	-72,76 MLWS	73,75	24	230	2.901	10,4	
137	-73,01 MLWS	74,00	24	230	2.925	10,4	
138	-73,26 MLWS	74,25	32	240	2.957	7,8	
139	-73,51 MLWS	74,50	32	240	2.989	7,8	
140	-73,76 MLWS	74,75	32	240	3.021	7,8	
141	-74,01 MLWS	75,00	32	240	3.053	7,8	
142	-74,26 MLWS	75,25	32	240	3.085	7,8	
143	-74,51 MLWS	75,50	28	240	3.113	8,9	
144	-74,76 MLWS	75,75	28	240	3.141	8,9	
145	-75,01 MLWS	76,00	28	240	3.169	8,9	
146	-75,26 MLWS	76,25	28	240	3.197	8,9	
147	-75,51 MLWS	76,50	31	240	3.228	8,1	
148	-75,76 MLWS	76,75	31	240	3.259	8,1	
149	-76,01 MLWS	77,00	31	240	3.290	8,1	
150	-76,26 MLWS	77,25	31	240	3.321	8,1	
151	-76,51 MLWS	77,50	31	240	3.352	8,1	
152	-76,76 MLWS	77,75	31	240	3.383	8,1	
153	-77,01 MLWS	78,00	31	240	3.414	8,1	
154	-77,26 MLWS	78,25	31	240	3.445	8,1	
155	-77,51 MLWS	78,50	31	240	3.476	8,1	
156	-77,76 MLWS	78,75	32	240	3.508	7,8	
157	-78,01 MLWS	79,00	32	240	3.540	7,8	
158	-78,26 MLWS	79,25	32	240	3.572	7,8	
159	-78,51 MLWS	79,50	32	240	3.604	7,8	
160	-78,76 MLWS	79,75	32	240	3.636	7,8	
161	-79,01 MLWS	80,00	32	240	3.668	7,8	
162	-79,26 MLWS	80,25	35	240	3.703	7,1	
163	-79,51 MLWS	80,50	17	240	3.720	14,7	
