N°	Toe Level	Graduation	Blow_Count	Energy(kJ)	Cumulative_blow_Count	Penetration_per_blow(mm/blow)	comments
1	-36,16 MLWS	37,00					
2	-36,41 MLWS	37,25	7	36	7	36	
3	-36,66 MLWS	37,50	7	36	14	36	
4	-36,91 MLWS	37,75	7	36	21	36	
5	-37,16 MLWS	38,00	7	36	28	36	
6	-37,41 MLWS	38,25	6	36	34	42	
7	-37,66 MLWS	38,50	6	36	40	42	
8	-37,91 MLWS	38,75	6	36	46	42	
9	-38,16 MLWS	39,00	6	36	52	42	
10	-38,41 MLWS	39,25	6	36	58	42	
11	-38,66 MLWS	39,50	6	36	64	42	
12	-38,91 MLWS	39,75	6	36	70	42	
13	-39,16 MLWS	40,00	6	36	76	42	
14	-39,41 MLWS	40,25	8	36	84	31	
15	-39,66 MLWS	40,50	8	36	92	31	
16	-39,91 MLWS	40,75	8	36	100	31	
17	-40,16 MLWS	41,00	8	36	108	31	
18	-40,41 MLWS	41,25	7	36	115	36	
19	-40,66 MLWS	41,50	7	36	122	36	
20	-40,91 MLWS	41,75	7	36	129	36	
21	-41,16 MLWS	42,00	7	36	136	36	
22	-41,41 MLWS	42,25	7	36	143	36	
23	-41,66 MLWS	42,50	7	36	150	36	
24	-41,91 MLWS	42,75	7	36	157	36	
25	-42,16 MLWS	43,00	8	36	165	31	
26	-42,41 MLWS	43,25	9	36	174	28	
27	-42,66 MLWS	43,50	9	36	183	28	
28	-42,91 MLWS	43,75	9	36	192	28	
29	-43,16 MLWS	44,00	9	36	201	28	
30	-43,41 MLWS	44,25	14	36	215	18	
31	-43,66 MLWS	44,50	26	36	241	10	
32	-43,91 MLWS	44,75	13	36	254	19	
33	-44,16 MLWS	45,00	13	36	267	19	
34	-44,41 MLWS	45,25	13	36	280	19	
35	-44,66 MLWS	45,50	14	36	294	18	
36	-44,91 MLWS	45,75	14	36	308	18	
37	-45,16 MLWS	46,00	14	36	322	18	
38	-45,41 MLWS	46,25	14	36	336	18	
39	-45,66 MLWS	46,50	16	36	352	16	
40	-45,91 MLWS	46,75	19	36	371	13	
41	-46,16 MLWS	47,00	19	36	390	13	
42	-46,41 MLWS	47,25	19	36	409	13	
43	-46,66 MLWS	47,50	19	36	428	13	
44	-46,91 MLWS	47,75	19	36	447	13	
45	-47,16 MLWS	48,00	19	36	466	13	
46	-47,41 MLWS	48,25	19	36	485	13	
47	-47,66 MLWS	48,50	19	36	504	13	
48	-47,91 MLWS	48,75	18	36	522	14	
49	-48,16 MLWS	49,00	18	36	540	14	
50	-48,41 MLWS	49,25	18	36	558	14	
51	-48,66 MLWS	49,50	18	36	576	13,9	
52	-48,91 MLWS	49,75	20	36	596	12,5	
53	-49,16 MLWS	50,00	20	36	616	12,5	
54	-49,41 MLWS	50,25	20	36	636	12,5	
55	-49,66 MLWS	50,50	20	36	656	12,5	
56	-49,91 MLWS	50,75	20	36	676	12,5	
57	-50,16 MLWS	51,00	20	36	696	12,5	
58	-50,41 MLWS	51,25	23	36	719	10,9	
59	-50,66 MLWS	51,50	23	36	742	10,9	
60	-50,91 MLWS	51,75	23	36	765	10,9	
61	-51,16 MLWS	52,00	23	36	788	10,9	
62	-51,41 MLWS	52,25	23	36	811	10,9	
63	-51,66 MLWS	52,50	24	36	835	10,4	
64	-51,91 MLWS	52,75	24	36	859	10,4	
65	-52,16 MLWS	53,00	25	36	884	10,0	
66	-52,41 MLWS	53,25	25	36	909	10,0	
67	-52,66 MLWS	53,50	28	36	937	8,9	
68	-52,91 MLWS	53,75	28	36	965	8,9	
69	-53,16 MLWS	54,00	28	40	993	8,9	
70	-53,41 MLWS	54,25	28	40	1.021	8,9	
71	-53,66 MLWS	54,50	28	40	1.049	8,9	
72	-53,91 MLWS	54,75	28	40	1.077	8,9	
73	-54,16 MLWS	55,00	24	40	1.101	10,4	
74	-54,41 MLWS	55,25	24	40	1.125	10,4	
75	-54,66 MLWS	55,50	24	40	1.149	10,4	
76	-54,91 MLWS	55,75	26	50	1.175	9,6	
77	-55,16 MLWS	56,00	26	50	1.201	9,6	
78	-55,41 MLWS	56,25	29	50	1.230	8,6	
79	-55,66 MLWS	56,50	25	50	1.255	10,0	
80	-55,91 MLWS	56,75	25	50	1.280	10,0	
81	-56,16 MLWS	57,00	25	50	1.305	10,0	
82	-56,41 MLWS	57,25	28	72	1.333	8,9	
83	-56,66 MLWS	57,50	24	72	1.357	10,4	
84	-56,91 MLWS	57,75	24	72	1.381	10,4	
85	-57,16 MLWS	58,00	24	72	1.405	10,4	
86	-57,41 MLWS	58,25	24	72	1.429	10,4	
87	-57,66 MLWS	58,50	22	72	1.451	11,4	
88	-57,91 MLWS	58,75	18	72	1.469	13,9	
89	-58,16 MLWS	59,00	16	72	1.485	15,6	
90	-58,41 MLWS	59,25	36	72	1.521	6,9	
91	-58,66 MLWS	59,50	36	110	1.557	6,9	
92	-58,91 MLWS	59,75	31	140	1.588	8,1	
93	-59,16 MLWS	60,00	26	140	1.614	9,6	
94	-59,41 MLWS	60,25	26	140	1.640	9,6	
95	-59,66 MLWS	60,50	29	140	1.669	8,6	
96	-59,91 MLWS	60,75	29	145	1.698	8,6	
97	-60,16 MLWS	61,00	25	145	1.723	10,0	
98	-60,41 MLWS	61,25	27	145	1.750	9,3	
99	-60,66 MLWS	61,50	27	145	1.777	9,3	
100	-60,91 MLWS	61,75	27	145	1.804	9,3	
101	-61,16 MLWS	62,00	29	145	1.833	8,6	
102	-61,41 MLWS	62,25	29	150	1.862	8,6	
103	-61,66 MLWS	62,50	26	150	1.888	9,6	
104	-61,91 MLWS	62,75	30	150	1.918	8,3	
105	-62,16 MLWS	63,00	29	160	1.947	8,6	
106	-62,41 MLWS	63,25	28	160	1.975	8,9	
107	-62,66 MLWS	63,50	28	160	2.003	8,9	
108	-62,91 MLWS	63,75	28	165	2.031	8,9	
109	-63,16 MLWS	64,00	26	170	2.057	9,6	
110	-63,41 MLWS	64,25	27	170	2.084	9,3	
111	-63,66 MLWS	64,50	27	170	2.111	9,3	
112	-63,91 MLWS	64,75	27	175	2.138	9,3	
113	-64,16 MLWS	65,00	26	180	2.164	9,6	
114	-64,41 MLWS	65,25	29	180	2.193	8,6	
115	-64,66 MLWS	65,50	29	185	2.222	8,6	
116	-64,91 MLWS	65,75	29	185	2.251	8,6	
117	-65,16 MLWS	66,00	25	190	2.276	10,0	
118	-65,41 MLWS	66,25	28	190	2.304	8,9	
119	-65,66 MLWS	66,50	28	190	2.332	8,9	
120	-65,91 MLWS	66,75	29	195	2.361	8,6	
121	-66,16 MLWS	67,00	29	195	2.390	8,6	
122	-66,41 MLWS	67,25	29	200	2.419	8,6	
123	-66,66 MLWS	67,50	29	205	2.448	8,6	
124	-66,91 MLWS	67,75	29	205	2.477	8,6	
125	-67,16 MLWS	68,00	28	210	2.505	8,9	
126	-67,41 MLWS	68,25	32	210	2.537	7,8	
127	-67,66 MLWS	68,50	30	220	2.567	8,3	
128	-67,91 MLWS	68,75	30	220	2.597	8,3	
129	-68,16 MLWS	69,00	28	230	2.625	8,9	
130	-68,41 MLWS	69,25	28	230	2.653	8,9	
131	-68,66 MLWS	69,50	29	230	2.682	8,6	
132	-68,91 MLWS	69,75	30	230	2.712	8,3	
133	-69,16 MLWS	70,00	39	230	2.751	6,4	
134	-69,41 MLWS	70,25	33	235	2.784	7,6	
135	-69,66 MLWS	70,50	33	240	2.817	7,6	
136	-69,91 MLWS	70,75	33	240	2.850	7,6	
137	-70,16 MLWS	71,00	33	235	2.883	7,6	
138	-70,41 MLWS	71,25	33	235	2.916	7,6	
139	-70,66 MLWS	71,50	35	235	2.951	7,1	
140	-70,91 MLWS	71,75	38	235	2.989	6,6	
141	-71,16 MLWS	72,00	38	235	3.027	6,6	
142	-71,41 MLWS	72,25	38	235	3.065	6,6	
143	-71,66 MLWS	72,50	37	235	3.102	6,8	
144	-71,91 MLWS	72,75	39	235	3.141	6,4	
145	-72,16 MLWS	73,00	39	235	3.180	6,4	
146	-72,41 MLWS	73,25	35	235	3.215	7,1	
147	-72,66 MLWS	73,50	35	235	3.250	7,1	
148	-72,91 MLWS	73,75	35	235	3.285	7,1	
149	-73,16 MLWS	74,00	35	240	3.320	7,1	
150	-73,41 MLWS	74,25	35	240	3.355	7,1	
151	-73,66 MLWS	74,50	35	240	3.390	7,1	
152	-73,91 MLWS	74,75	38	245	3.428	6,6	
153	-74,16 MLWS	75,00	34	235	3.462	7,4	
154	-74,41 MLWS	75,25	37	235	3.499	6,8	
155	-74,66 MLWS	75,50	36	235	3.535	6,9	
156	-74,91 MLWS	75,75	36	235	3.571	6,9	
157	-75,16 MLWS	76,00	35	230	3.606	7,1	
158	-75,41 MLWS	76,25	35	230	3.641	7,1	
159	-75,66 MLWS	76,50	37	230	3.678	6,8	
160	-75,91 MLWS	76,75	51	230	3.729	4,9	
161	-76,16 MLWS	77,00	33	230	3.762	7,6	
162	-76,41 MLWS	77,25	40	230	3.802	6,3	
163	-76,66 MLWS	77,50	64	230	3.866	3,9	
164	-76,91 MLWS	77,75	45	235	3.911	5,6	
165	-77,16 MLWS	78,00	42	240	3.953	6,0	
166	-77,41 MLWS	78,25	58	240	4.011	4,3	
167	-77,66 MLWS	78,50	34	240	4.045	7,4	
168	-77,91 MLWS	78,75	42	240	4.087	6,0	
169	-78,16 MLWS	79,00	42	240	4.129	6,0	
170	-78,41 MLWS	79,25	42	240	4.171	6,0	
171	-78,66 MLWS	79,50	42	240	4.213	6,0	
172	-78,91 MLWS	79,75	42	240	4.255	6,0	
173	-79,16 MLWS	80,00	44	240	4.299	5,7	
174	-79,41 MLWS	80,25	34	240	4.333	7,4	
175	-79,66 MLWS	80,50	34	240	4.367	7,4	
176	-79,91 MLWS	80,75	28	280	4.395	8,9	
177	-80,16 MLWS	81,00	290	220	4.685	0,9	
178	-80,41 MLWS	81,25	250	220	4.935	1,0	
179	-80,66 MLWS	81,50	234	220	5.169	1,1	
180	-80,91 MLWS	81,75	50	220	5.219	5,0	
