N°	Toe Level	Graduation	Blow_Count	Energy(kJ)	Cumulative_blow_Count	Penetration_per_blow(mm/blow)	comments
1	-33,16 MLWS	34,00					
2	-33,41 MLWS	34,25	4	36	4	63	
3	-33,66 MLWS	34,50	3	36	7	83	
4	-33,91 MLWS	34,75	3	36	10	83	
5	-34,16 MLWS	35,00	36				
6	-34,41 MLWS	35,25	36				
7	-34,66 MLWS	35,50	36				
8	-34,91 MLWS	35,75	36				
9	-35,16 MLWS	36,00	36				
10	-35,41 MLWS	36,25	36				
11	-35,66 MLWS	36,50	36				
12	-35,91 MLWS	36,75	36				
13	-36,16 MLWS	37,00	36				
14	-36,41 MLWS	37,25	36				
15	-36,66 MLWS	37,50	36				
16	-36,91 MLWS	37,75	36				
17	-37,16 MLWS	38,00	36				
18	-37,41 MLWS	38,25	36				
19	-37,66 MLWS	38,50	36				
20	-37,91 MLWS	38,75	36				
21	-38,16 MLWS	39,00	36				
22	-38,41 MLWS	39,25	7	36	17	36	
23	-38,66 MLWS	39,50	7	36	24	36	
24	-38,91 MLWS	39,75	7	36	31	36	
25	-39,16 MLWS	40,00	6	36	37	42	
26	-39,41 MLWS	40,25	6	36	43	42	
27	-39,66 MLWS	40,50	7	36	50	36	
28	-39,91 MLWS	40,75	7	36	57	36	
29	-40,16 MLWS	41,00	6	36	63	42	
30	-40,41 MLWS	41,25	7	36	70	36	
31	-40,66 MLWS	41,50	7	36	77	36	
32	-40,91 MLWS	41,75	7	36	84	36	
33	-41,16 MLWS	42,00	7	36	91	36	
34	-41,41 MLWS	42,25	7	36	98	36	
35	-41,66 MLWS	42,50	7	36	105	36	
36	-41,91 MLWS	42,75	7	36	112	36	
37	-42,16 MLWS	43,00	7	36	119	36	
38	-42,41 MLWS	43,25	7	36	126	36	
39	-42,66 MLWS	43,50	8	36	134	31	
40	-42,91 MLWS	43,75	8	36	142	31	
41	-43,16 MLWS	44,00	8	36	150	31	
42	-43,41 MLWS	44,25	8	36	158	31	
43	-43,66 MLWS	44,50	8	36	166	31	
44	-43,91 MLWS	44,75	8	36	174	31	
45	-44,16 MLWS	45,00	10	36	184	25	
46	-44,41 MLWS	45,25	12	36	196	21	
47	-44,66 MLWS	45,50	10	36	206	25	
48	-44,91 MLWS	45,75	10	36	216	25	
49	-45,16 MLWS	46,00	10	36	226	25	
50	-45,41 MLWS	46,25	12	36	238	21	
51	-45,66 MLWS	46,50	12	36	250	20,8	
52	-45,91 MLWS	46,75	12	36	262	20,8	
53	-46,16 MLWS	47,00	12	36	274	20,8	
54	-46,41 MLWS	47,25	12	36	286	20,8	
55	-46,66 MLWS	47,50	12	36	298	20,8	
56	-46,91 MLWS	47,75	12	36	310	20,8	
57	-47,16 MLWS	48,00	12	36	322	20,8	
58	-47,41 MLWS	48,25	14	36	336	17,9	
59	-47,66 MLWS	48,50	14	36	350	17,9	
60	-47,91 MLWS	48,75	16	36	366	15,6	
61	-48,16 MLWS	49,00	16	36	382	15,6	
62	-48,41 MLWS	49,25	16	36	398	15,6	
63	-48,66 MLWS	49,50	16	36	414	15,6	
64	-48,91 MLWS	49,75	18	36	432	13,9	
65	-49,16 MLWS	50,00	18	36	450	13,9	
66	-49,41 MLWS	50,25	18	36	468	13,9	
67	-49,66 MLWS	50,50	18	36	486	13,9	
68	-49,91 MLWS	50,75	20	36	506	12,5	
69	-50,16 MLWS	51,00	20	36	526	12,5	
70	-50,41 MLWS	51,25	22	36	548	11,4	
71	-50,66 MLWS	51,50	24	36	572	10,4	
72	-50,91 MLWS	51,75	24	36	596	10,4	
73	-51,16 MLWS	52,00	26	36	622	9,6	
74	-51,41 MLWS	52,25	26	36	648	9,6	
75	-51,66 MLWS	52,50	28	36	676	8,9	
76	-51,91 MLWS	52,75	32	36	708	7,8	
77	-52,16 MLWS	53,00	32	36	740	7,8	
78	-52,41 MLWS	53,25	32	36	772	7,8	
79	-52,66 MLWS	53,50	32	36	804	7,8	
80	-52,91 MLWS	53,75	32	36	836	7,8	
81	-53,16 MLWS	54,00	29	36	865	8,6	
82	-53,41 MLWS	54,25	27	55	892	9,3	
83	-53,66 MLWS	54,50	31	55	923	8,1	
84	-53,91 MLWS	54,75	29	61	952	8,6	
85	-54,16 MLWS	55,00	29	61	981	8,6	
86	-54,41 MLWS	55,25	26	67	1.007	9,6	
87	-54,66 MLWS	55,50	29	67	1.036	8,6	
88	-54,91 MLWS	55,75	27	67	1.063	9,3	
89	-55,16 MLWS	56,00	27	67	1.090	9,3	
90	-55,41 MLWS	56,25	25	67	1.115	10,0	
91	-55,66 MLWS	56,50	25	67	1.140	10,0	
92	-55,91 MLWS	56,75	25	67	1.165	10,0	
93	-56,16 MLWS	57,00	28	67	1.193	8,9	
94	-56,41 MLWS	57,25	28	67	1.221	8,9	
95	-56,66 MLWS	57,50	29	67	1.250	8,6	
96	-56,91 MLWS	57,75	29	67	1.279	8,6	
97	-57,16 MLWS	58,00	32	67	1.311	7,8	
98	-57,41 MLWS	58,25	25	70	1.336	10,0	
99	-57,66 MLWS	58,50	28	70	1.364	8,9	
100	-57,91 MLWS	58,75	26	70	1.390	9,6	
101	-58,16 MLWS	59,00	29	70	1.419	8,6	
102	-58,41 MLWS	59,25	26	90	1.445	9,6	
103	-58,66 MLWS	59,50	24	90	1.469	10,4	
104	-58,91 MLWS	59,75	24	90	1.493	10,4	
105	-59,16 MLWS	60,00	20	90	1.513	12,5	
106	-59,41 MLWS	60,25	23	90	1.536	10,9	
107	-59,66 MLWS	60,50	23	90	1.559	10,9	
108	-59,91 MLWS	60,75	23	90	1.582	10,9	
109	-60,16 MLWS	61,00	25	90	1.607	10,0	
110	-60,41 MLWS	61,25	25	90	1.632	10,0	
111	-60,66 MLWS	61,50	25	90	1.657	10,0	
112	-60,91 MLWS	61,75	25	90	1.682	10,0	
113	-61,16 MLWS	62,00	26	90	1.708	9,6	
114	-61,41 MLWS	62,25	30	90	1.738	8,3	
115	-61,66 MLWS	62,50	30	100	1.768	8,3	
116	-61,91 MLWS	62,75	29	100	1.797	8,6	
117	-62,16 MLWS	63,00	29	100	1.826	8,6	
118	-62,41 MLWS	63,25	29	100	1.855	8,6	
119	-62,66 MLWS	63,50	30	100	1.885	8,3	
120	-62,91 MLWS	63,75	30	110	1.915	8,3	
121	-63,16 MLWS	64,00	28	120	1.943	8,9	
122	-63,41 MLWS	64,25	28	120	1.971	8,9	
123	-63,66 MLWS	64,50	28	120	1.999	8,9	
124	-63,91 MLWS	64,75	31	120	2.030	8,1	
125	-64,16 MLWS	65,00	28	130	2.058	8,9	
126	-64,41 MLWS	65,25	28	130	2.086	8,9	
127	-64,66 MLWS	65,50	29	130	2.115	8,6	
128	-64,91 MLWS	65,75	32	130	2.147	7,8	
129	-65,16 MLWS	66,00	25	150	2.172	10,0	
130	-65,41 MLWS	66,25	25	150	2.197	10,0	
131	-65,66 MLWS	66,50	25	150	2.222	10,0	
132	-65,91 MLWS	66,75	29	150	2.251	8,6	
133	-66,16 MLWS	67,00	29	150	2.280	8,6	
134	-66,41 MLWS	67,25	31	150	2.311	8,1	
135	-66,66 MLWS	67,50	30	150	2.341	8,3	
136	-66,91 MLWS	67,75	29	160	2.370	8,6	
137	-67,16 MLWS	68,00	29	160	2.399	8,6	
138	-67,41 MLWS	68,25	29	160	2.428	8,6	
139	-67,66 MLWS	68,50	28	160	2.456	8,9	
140	-67,91 MLWS	68,75	29	160	2.485	8,6	
141	-68,16 MLWS	69,00	29	170	2.514	8,6	
142	-68,41 MLWS	69,25	29	170	2.543	8,6	
143	-68,66 MLWS	69,50	29	170	2.572	8,6	
144	-68,91 MLWS	69,75	29	170	2.601	8,6	
145	-69,16 MLWS	70,00	29	170	2.630	8,6	
146	-69,41 MLWS	70,25	29	170	2.659	8,6	
147	-69,66 MLWS	70,50	29	170	2.688	8,6	
148	-69,91 MLWS	70,75	29	180	2.717	8,6	
149	-70,16 MLWS	71,00	29	190	2.746	8,6	
150	-70,41 MLWS	71,25	29	190	2.775	8,6	
151	-70,66 MLWS	71,50	32	190	2.807	7,8	
152	-70,91 MLWS	71,75	31	200	2.838	8,1	
153	-71,16 MLWS	72,00	28	200	2.866	8,9	
154	-71,41 MLWS	72,25	28	200	2.894	8,9	
155	-71,66 MLWS	72,50	28	200	2.922	8,9	
156	-71,91 MLWS	72,75	28	210	2.950	8,9	
157	-72,16 MLWS	73,00	29	210	2.979	8,6	
158	-72,41 MLWS	73,25	29	210	3.008	8,6	
159	-72,66 MLWS	73,50	29	220	3.037	8,6	
160	-72,91 MLWS	73,75	26	220	3.063	9,6	
161	-73,16 MLWS	74,00	26	220	3.089	9,6	
162	-73,41 MLWS	74,25	26	220	3.115	9,6	
163	-73,66 MLWS	74,50	28	220	3.143	8,9	
164	-73,91 MLWS	74,75	28	220	3.171	8,9	
165	-74,16 MLWS	75,00	28	220	3.199	8,9	
166	-74,41 MLWS	75,25	26	220	3.225	9,6	
167	-74,66 MLWS	75,50	26	220	3.251	9,6	
168	-74,91 MLWS	75,75	31	220	3.282	8,1	
169	-75,16 MLWS	76,00	30	230	3.312	8,3	
170	-75,41 MLWS	76,25	32	240	3.344	7,8	
171	-75,66 MLWS	76,50	32	240	3.376	7,8	
172	-75,91 MLWS	76,75	32	250	3.408	7,8	
173	-76,16 MLWS	77,00	32	250	3.440	7,8	
