N°	Toe Level	Graduation	Blow_Count	Energy(kJ)	Cumulative_blow_Count	Penetration_per_blow(mm/blow)	comments
1	-37,77 MLWS	38,75					
2	-38,02 MLWS	39,00	10	36	10	25	
3	-38,27 MLWS	39,25	10	36	20	25	
4	-38,52 MLWS	39,50	44	36	64	6	
5	-38,77 MLWS	39,75	12	36	76	21	
6	-39,02 MLWS	40,00	10	36	86	25	
7	-39,27 MLWS	40,25	10	36	96	25	
8	-39,52 MLWS	40,50	10	36	106	25	
9	-39,77 MLWS	40,75	10	36	116	25	
10	-40,02 MLWS	41,00	10	36	126	25	
11	-40,27 MLWS	41,25	8	36	134	31	
12	-40,52 MLWS	41,50	8	36	142	31	
13	-40,77 MLWS	41,75	8	36	150	31	
14	-41,02 MLWS	42,00	8	36	158	31	
15	-41,27 MLWS	42,25	8	36	166	31	
16	-41,52 MLWS	42,50	9	36	175	28	
17	-41,77 MLWS	42,75	12	36	187	21	
18	-42,02 MLWS	43,00	10	36	197	25	
19	-42,27 MLWS	43,25	10	36	207	25	
20	-42,52 MLWS	43,50	10	36	217	25	
21	-42,77 MLWS	43,75	11	36	228	23	
22	-43,02 MLWS	44,00	12	36	240	21	
23	-43,27 MLWS	44,25	12	36	252	21	
24	-43,52 MLWS	44,50	14	36	266	18	
25	-43,77 MLWS	44,75	12	36	278	21	
26	-44,02 MLWS	45,00	14	36	292	18	
27	-44,27 MLWS	45,25	12	36	304	21	
28	-44,52 MLWS	45,50	14	36	318	18	
29	-44,77 MLWS	45,75	14	36	332	18	
30	-45,02 MLWS	46,00	14	36	346	18	
31	-45,27 MLWS	46,25	18	36	364	14	
32	-45,52 MLWS	46,50	16	36	380	16	
33	-45,77 MLWS	46,75	16	36	396	16	
34	-46,02 MLWS	47,00	16	36	412	16	
35	-46,27 MLWS	47,25	16	36	428	16	
36	-46,52 MLWS	47,50	18	36	446	14	
37	-46,77 MLWS	47,75	20	36	466	13	
38	-47,02 MLWS	48,00	18	36	484	14	
39	-47,27 MLWS	48,25	18	36	502	14	
40	-47,52 MLWS	48,50	18	36	520	14	
41	-47,77 MLWS	48,75	20	36	540	13	
42	-48,02 MLWS	49,00	20	36	560	13	
43	-48,27 MLWS	49,25	20	36	580	13	
44	-48,52 MLWS	49,50	20	36	600	13	
45	-48,77 MLWS	49,75	20	36	620	13	
46	-49,02 MLWS	50,00	22	36	642	11	
47	-49,27 MLWS	50,25	22	36	664	11	
48	-49,52 MLWS	50,50	24	36	688	10	
49	-49,77 MLWS	50,75	26	36	714	10	
50	-50,02 MLWS	51,00	24	36	738	10	
51	-50,27 MLWS	51,25	24	36	762	10,4	
52	-50,52 MLWS	51,50	24	36	786	10,4	
53	-50,77 MLWS	51,75	26	36	812	9,6	
54	-51,02 MLWS	52,00	26	36	838	9,6	
55	-51,27 MLWS	52,25	26	36	864	9,6	
56	-51,52 MLWS	52,50	28	36	892	8,9	
57	-51,77 MLWS	52,75	26	36	918	9,6	
58	-52,02 MLWS	53,00	30	36	948	8,3	
59	-52,27 MLWS	53,25	30	36	978	8,3	
60	-52,52 MLWS	53,50	34	36	1.012	7,4	
61	-52,77 MLWS	53,75	34	36	1.046	7,4	
62	-53,02 MLWS	54,00	32	36	1.078	7,8	
63	-53,27 MLWS	54,25	32	36	1.110	7,8	
64	-53,52 MLWS	54,50	34	36	1.144	7,4	
65	-53,77 MLWS	54,75	34	36	1.178	7,4	
66	-54,02 MLWS	55,00	34	36	1.212	7,4	
67	-54,27 MLWS	55,25	30	36	1.242	8,3	
68	-54,52 MLWS	55,50	30	36	1.272	8,3	
69	-54,77 MLWS	55,75	30	36	1.302	8,3	
70	-55,02 MLWS	56,00	32	36	1.334	7,8	
71	-55,27 MLWS	56,25	28	36	1.362	8,9	
72	-55,52 MLWS	56,50	30	60	1.392	8,3	
73	-55,77 MLWS	56,75	30	60	1.422	8,3	
74	-56,02 MLWS	57,00	30	60	1.452	8,3	
75	-56,27 MLWS	57,25	30	60	1.482	8,3	
76	-56,52 MLWS	57,50	28	70	1.510	8,9	
77	-56,77 MLWS	57,75	28	70	1.538	8,9	
78	-57,02 MLWS	58,00	26	75	1.564	9,6	
79	-57,27 MLWS	58,25	28	75	1.592	8,9	
80	-57,52 MLWS	58,50	28	75	1.620	8,9	
81	-57,77 MLWS	58,75	28	80	1.648	8,9	
82	-58,02 MLWS	59,00	28	80	1.676	8,9	
83	-58,27 MLWS	59,25	26	80	1.702	9,6	
84	-58,52 MLWS	59,50	24	80	1.726	10,4	
85	-58,77 MLWS	59,75	24	80	1.750	10,4	
86	-59,02 MLWS	60,00	28	100	1.778	8,9	
87	-59,27 MLWS	60,25	26	100	1.804	9,6	
88	-59,52 MLWS	60,50	26	100	1.830	9,6	
89	-59,77 MLWS	60,75	26	110	1.856	9,6	
90	-60,02 MLWS	61,00	26	110	1.882	9,6	
91	-60,27 MLWS	61,25	26	120	1.908	9,6	
92	-60,52 MLWS	61,50	32	120	1.940	7,8	
93	-60,77 MLWS	61,75	28	120	1.968	8,9	
94	-61,02 MLWS	62,00	28	120	1.996	8,9	
95	-61,27 MLWS	62,25	28	120	2.024	8,9	
96	-61,52 MLWS	62,50	28	120	2.052	8,9	
97	-61,77 MLWS	62,75	28	130	2.080	8,9	
98	-62,02 MLWS	63,00	28	130	2.108	8,9	
99	-62,27 MLWS	63,25	28	130	2.136	8,9	
100	-62,52 MLWS	63,5	28	130	2.164	8,9	
101	-62,77 MLWS	63,75	28	140	2.192	8,9	
102	-63,02 MLWS	64,00	28	140	2.220	8,9	
103	-63,27 MLWS	64,25	28	140	2.248	8,9	
104	-63,52 MLWS	64,50	30	140	2.278	8,3	
105	-63,77 MLWS	64,75	30	150	2.308	8,3	
106	-64,02 MLWS	65,00	30	150	2.338	8,3	
107	-64,27 MLWS	65,25	28	150	2.366	8,9	
108	-64,52 MLWS	65,50	30	160	2.396	8,3	
109	-64,77 MLWS	65,75	30	160	2.426	8,3	
110	-65,02 MLWS	66,00	30	160	2.456	8,3	
111	-65,27 MLWS	66,25	28	160	2.484	8,9	
112	-65,52 MLWS	66,50	28	160	2.512	8,9	
113	-65,77 MLWS	66,75	32	160	2.544	7,8	
114	-66,02 MLWS	67,00	28	170	2.572	8,9	
115	-66,27 MLWS	67,25	28	170	2.600	8,9	
116	-66,52 MLWS	67,50	28	170	2.628	8,9	
117	-66,77 MLWS	67,75	30	170	2.658	8,3	
118	-67,02 MLWS	68,00	30	180	2.688	8,3	
119	-67,27 MLWS	68,25	28	180	2.716	8,9	
120	-67,52 MLWS	68,50	28	180	2.744	8,9	
121	-67,77 MLWS	68,75	30	180	2.774	8,3	
122	-68,02 MLWS	69,00	28	190	2.802	8,9	
123	-68,27 MLWS	69,25	28	190	2.830	8,9	
124	-68,52 MLWS	69,50	28	190	2.858	8,9	
125	-68,77 MLWS	69,75	28	190	2.886	8,9	
126	-69,02 MLWS	70,00	28	190	2.914	8,9	
127	-69,27 MLWS	70,25	28	190	2.942	8,9	
128	-69,52 MLWS	70,50	28	190	2.970	8,9	
129	-69,77 MLWS	70,75	28	190	2.998	8,9	
130	-70,02 MLWS	71,00	26	190	3.024	9,6	
131	-70,27 MLWS	71,25	28	200	3.052	8,9	
132	-70,52 MLWS	71,50	28	200	3.080	8,9	
133	-70,77 MLWS	71,75	28	200	3.108	8,9	
134	-71,02 MLWS	72,00	28	210	3.136	8,9	
135	-71,27 MLWS	72,25	32	210	3.168	7,8	
136	-71,52 MLWS	72,50	32	210	3.200	7,8	
137	-71,77 MLWS	72,75	30	210	3.230	8,3	
138	-72,02 MLWS	73,00	30	230	3.260	8,3	
139	-72,27 MLWS	73,25	28	230	3.288	8,9	
140	-72,52 MLWS	73,50	30	230	3.318	8,3	
141	-72,77 MLWS	73,75	28	230	3.346	8,9	
142	-73,02 MLWS	74,00	28	230	3.374	8,9	
143	-73,27 MLWS	74,25	30	240	3.404	8,3	
144	-73,52 MLWS	74,50	28	240	3.432	8,9	
145	-73,77 MLWS	74,75	30	240	3.462	8,3	
146	-74,02 MLWS	75,00	32	240	3.494	7,8	
147	-74,27 MLWS	75,25	30	240	3.524	8,3	
148	-74,52 MLWS	75,50	30	240	3.554	8,3	
149	-74,77 MLWS	75,75	28	240	3.582	8,9	
150	-75,02 MLWS	76	30	240	3.612	8,3	
151	-75,27 MLWS	76,25	30	240	3.642	8,3	
152	-75,52 MLWS	76,50	30	240	3.672	8,3	
153	-75,77 MLWS	76,75	30	240	3.702	8,3	
154	-76,02 MLWS	77,00	30	240	3.732	8,3	
155	-76,27 MLWS	77,25	30	240	3.762	8,3	
156	-76,52 MLWS	77,50	30	240	3.792	8,3	
157	-76,77 MLWS	77,75	28	240	3.820	8,9	
158	-77,02 MLWS	78,00	28	240	3.848	8,9	
159	-77,27 MLWS	78,25	30	240	3.878	8,3	
160	-77,52 MLWS	78,50	30	240	3.908	8,3	
161	-77,77 MLWS	78,75	30	240	3.938	8,3	
162	-78,02 MLWS	79,00	30	240	3.968	8,3	
163	-78,27 MLWS	79,25	34	240	4.002	7,4	
164	-78,52 MLWS	79,50	28	240	4.030	8,9	
165	-78,77 MLWS	79,75	30	240	4.060	8,3	
166	-79,02 MLWS	80,00	32	240	4.092	7,8	
167	-79,27 MLWS	80,25	32	240	4.124	7,8	
168	-79,52 MLWS	80,50	32	240	4.156	7,8	
169	-79,77 MLWS	80,75	32	240	4.188	7,8	
170	-79,92 MLWS	80,90	20	240	4.208	7,5	
