N°	Toe Level	Graduation	Blow_Count	Energy(kJ)	Cumulative_blow_Count	Penetration_per_blow(mm/blow)	comments
1	-35,97 MLWS	37,25					
2	-36,22 MLWS	37,50	12	36	12	21	
3	-36,47 MLWS	37,75	26	36	38	10	
4	-36,72 MLWS	38,00	11	36	49	23	
5	-36,97 MLWS	38,25	6	36	55	42	
6	-37,22 MLWS	38,50	6	36	61	42	
7	-37,47 MLWS	38,75	6	36	67	42	
8	-37,72 MLWS	39,00	6	36	73	42	
9	-37,97 MLWS	39,25	6	36	79	42	
10	-38,22 MLWS	39,50	5	36	84	50	
11	-38,47 MLWS	39,75	5	36	89	50	
12	-38,72 MLWS	40,00	6	36	95	42	
13	-38,97 MLWS	40,25	6	36	101	42	
14	-39,22 MLWS	40,50	5	36	106	50	
15	-39,47 MLWS	40,75	5	36	111	50	
16	-39,72 MLWS	41,00	7	36	118	36	
17	-39,97 MLWS	41,25	7	36	125	36	
18	-40,22 MLWS	41,50	6	36	131	42	
19	-40,47 MLWS	41,75	6	36	137	42	
20	-40,72 MLWS	42,00	6	36	143	42	
21	-40,97 MLWS	42,25	7	36	150	36	
22	-41,22 MLWS	42,50	7	36	157	36	
23	-41,47 MLWS	42,75	7	36	164	36	
24	-41,72 MLWS	43,00	7	36	171	36	
25	-41,97 MLWS	43,25	8	36	179	31	
26	-42,22 MLWS	43,50	8	36	187	31	
27	-42,47 MLWS	43,75	8	36	195	31	
28	-42,72 MLWS	44,00	8	36	203	31	
29	-42,97 MLWS	44,25	9	36	212	28	
30	-43,22 MLWS	44,50	9	36	221	28	
31	-43,47 MLWS	44,75	9	36	230	28	
32	-43,72 MLWS	45,00	10	36	240	25	
33	-43,97 MLWS	45,25	11	36	251	23	
34	-44,22 MLWS	45,50	11	36	262	23	
35	-44,47 MLWS	45,75	11	36	273	23	
36	-44,72 MLWS	46,00	10	36	283	25	
37	-44,97 MLWS	46,25	11	36	294	23	
38	-45,22 MLWS	46,50	15	36	309	17	
39	-45,47 MLWS	46,75	15	36	324	17	
40	-45,72 MLWS	47,00	15	36	339	17	
41	-45,97 MLWS	47,25	15	36	354	17	
42	-46,22 MLWS	47,50	16	36	370	16	
43	-46,47 MLWS	47,75	16	36	386	16	
44	-46,72 MLWS	48,00	16	36	402	16	
45	-46,97 MLWS	48,25	16	36	418	16	
46	-47,22 MLWS	48,50	19	36	437	13	
47	-47,47 MLWS	48,75	17	36	454	15	
48	-47,72 MLWS	49,00	17	36	471	15	
49	-47,97 MLWS	49,25	18	36	489	14	
50	-48,22 MLWS	49,50	19	36	508	13	
51	-48,47 MLWS	49,75	19	36	527	13,2	
52	-48,72 MLWS	50,00	19	36	546	13,2	
53	-48,97 MLWS	50,25	19	36	565	13,2	
54	-49,22 MLWS	50,50	22	36	587	11,4	
55	-49,47 MLWS	50,75	21	36	608	11,9	
56	-49,72 MLWS	51,00	22	36	630	11,4	
57	-49,97 MLWS	51,25	23	36	653	10,9	
58	-50,22 MLWS	51,50	23	36	676	10,9	
59	-50,47 MLWS	51,75	25	36	701	10,0	
60	-50,72 MLWS	52,00	25	36	726	10,0	
61	-50,97 MLWS	52,25	23	47	749	10,9	
62	-51,22 MLWS	52,50	22	47	771	11,4	
63	-51,47 MLWS	52,75	22	47	793	11,4	
64	-51,72 MLWS	53,00	25	47	818	10,0	
65	-51,97 MLWS	53,25	26	47	844	9,6	
66	-52,22 MLWS	53,50	27	47	871	9,3	
67	-52,47 MLWS	53,75	27	50	898	9,3	
68	-52,72 MLWS	54,00	28	50	926	8,9	
69	-52,97 MLWS	54,25	27	50	953	9,3	
70	-53,22 MLWS	54,50	26	56	979	9,6	
71	-53,47 MLWS	54,75	32	56	1.011	7,8	
72	-53,72 MLWS	55,00	26	58	1.037	9,6	
73	-53,97 MLWS	55,25	26	58	1.063	9,6	
74	-54,22 MLWS	55,50	25	58	1.088	10,0	
75	-54,47 MLWS	55,75	28	58	1.116	8,9	
76	-54,72 MLWS	56,00	28	58	1.144	8,9	
77	-54,97 MLWS	56,25	34	60	1.178	7,4	
78	-55,22 MLWS	56,50	31	60	1.209	8,1	
79	-55,47 MLWS	56,75	31	60	1.240	8,1	
80	-55,72 MLWS	57,00	32	60	1.272	7,8	
81	-55,97 MLWS	57,25	32	65	1.304	7,8	
82	-56,22 MLWS	57,50	32	65	1.336	7,8	
83	-56,47 MLWS	57,75	33	67	1.369	7,6	
84	-56,72 MLWS	58,00	32	67	1.401	7,8	
85	-56,97 MLWS	58,25	32	67	1.433	7,8	
86	-57,22 MLWS	58,50	34	70	1.467	7,4	
87	-57,47 MLWS	58,75	34	90	1.501	7,4	
88	-57,72 MLWS	59,00	29	100	1.530	8,6	
89	-57,97 MLWS	59,25	27	100	1.557	9,3	
90	-58,22 MLWS	59,50	26	100	1.583	9,6	
91	-58,47 MLWS	59,75	27	100	1.610	9,3	
92	-58,72 MLWS	60,00	27	100	1.637	9,3	
93	-58,97 MLWS	60,25	27	100	1.664	9,3	
94	-59,22 MLWS	60,50	29	100	1.693	8,6	
95	-59,47 MLWS	60,75	29	100	1.722	8,6	
96	-59,72 MLWS	61,00	30	100	1.752	8,3	
97	-59,97 MLWS	61,25	33	100	1.785	7,6	
98	-60,22 MLWS	61,50	31	110	1.816	8,1	
99	-60,47 MLWS	61,75	33	110	1.849	7,6	
100	-60,72 MLWS	62	33	120	1.882	7,6	
101	-60,97 MLWS	62,25	32	120	1.914	7,8	
102	-61,22 MLWS	62,50	31	160	1.945	8,1	
103	-61,47 MLWS	62,75	25	150	1.970	10,0	
104	-61,72 MLWS	63,00	29	150	1.999	8,6	
105	-61,97 MLWS	63,25	24	160	2.023	10,4	
106	-62,22 MLWS	63,50	25	160	2.048	10,0	
107	-62,47 MLWS	63,75	24	160	2.072	10,4	
108	-62,72 MLWS	64,00	28	160	2.100	8,9	
109	-62,97 MLWS	64,25	28	160	2.128	8,9	
110	-63,22 MLWS	64,50	27	160	2.155	9,3	
111	-63,47 MLWS	64,75	26	170	2.181	9,6	
112	-63,72 MLWS	65,00	26	170	2.207	9,6	
113	-63,97 MLWS	65,25	26	170	2.233	9,6	
114	-64,22 MLWS	65,50	23	190	2.256	10,9	
115	-64,47 MLWS	65,75	26	190	2.282	9,6	
116	-64,72 MLWS	66,00	25	200	2.307	10,0	
117	-64,97 MLWS	66,25	25	200	2.332	10,0	
118	-65,22 MLWS	66,50	25	200	2.357	10,0	
119	-65,47 MLWS	66,75	25	200	2.382	10,0	
120	-65,72 MLWS	67,00	30	200	2.412	8,3	
121	-65,97 MLWS	67,25	25	210	2.437	10,0	
122	-66,22 MLWS	67,50	25	210	2.462	10,0	
123	-66,47 MLWS	67,75	26	210	2.488	9,6	
124	-66,72 MLWS	68,00	26	210	2.514	9,6	
125	-66,97 MLWS	68,25	26	210	2.540	9,6	
126	-67,22 MLWS	68,50	30	210	2.570	8,3	
127	-67,47 MLWS	68,75	30	220	2.600	8,3	
128	-67,72 MLWS	69,00	27	240	2.627	9,3	
129	-67,97 MLWS	69,25	24	240	2.651	10,4	
130	-68,22 MLWS	69,50	24	240	2.675	10,4	
131	-68,47 MLWS	69,75	20	240	2.695	12,5	
132	-68,72 MLWS	70,00	26	235	2.721	9,6	
133	-68,97 MLWS	70,25	24	235	2.745	10,4	
134	-69,22 MLWS	70,50	24	235	2.769	10,4	
135	-69,47 MLWS	70,75	28	235	2.797	8,9	
136	-69,72 MLWS	71,00	28	235	2.825	8,9	
137	-69,97 MLWS	71,25	30	235	2.855	8,3	
138	-70,22 MLWS	71,50	30	240	2.885	8,3	
139	-70,47 MLWS	71,75	28	240	2.913	8,9	
