N°	Toe Level	Graduation	Blow_Count	Energy(kJ)	Cumulative_blow_Count	Penetration_per_blow(mm/blow)	comments
1	-36,83 MLWS	38,00					
2	-37,08 MLWS	38,25	6	36	6	42	
3	-37,33 MLWS	38,50	8	36	14	31	
4	-37,58 MLWS	38,75	8	36	22	31	
5	-37,83 MLWS	39,00	6	36	28	42	
6	-38,08 MLWS	39,25	6	36	34	42	
7	-38,33 MLWS	39,50	6	36	40	42	
8	-38,58 MLWS	39,75	7	36	47	36	
9	-38,83 MLWS	40,00	6	36	53	42	
10	-39,08 MLWS	40,25	6	36	59	42	
11	-39,33 MLWS	40,50	6	36	65	42	
12	-39,58 MLWS	40,75	6	36	71	42	
13	-39,83 MLWS	41,00	6	36	77	42	
14	-40,08 MLWS	41,25	6	36	83	42	
15	-40,33 MLWS	41,50	8	36	91	31	
16	-40,58 MLWS	41,75	8	36	99	31	
17	-40,83 MLWS	42,00	8	36	107	31	
18	-41,08 MLWS	42,25	9	36	116	28	
19	-41,33 MLWS	42,50	8	36	124	31	
20	-41,58 MLWS	42,75	8	36	132	31	
21	-41,83 MLWS	43,00	8	36	140	31	
22	-42,08 MLWS	43,25	11	36	151	23	
23	-42,33 MLWS	43,50	11	36	162	23	
24	-42,58 MLWS	43,75	11	36	173	23	
25	-42,83 MLWS	44,00	11	36	184	23	
26	-43,08 MLWS	44,25	11	36	195	23	
27	-43,33 MLWS	44,50	11	36	206	23	
28	-43,58 MLWS	44,75	11	36	217	23	
29	-43,83 MLWS	45,00	11	36	228	23	
30	-44,08 MLWS	45,25	13	36	241	19	
31	-44,33 MLWS	45,50	13	36	254	19	
32	-44,58 MLWS	45,75	13	36	267	19	
33	-44,83 MLWS	46,00	13	36	280	19	
34	-45,08 MLWS	46,25	15	36	295	17	
35	-45,33 MLWS	46,50	15	36	310	17	
36	-45,58 MLWS	46,75	16	36	326	16	
37	-45,83 MLWS	47,00	16	36	342	16	
38	-46,08 MLWS	47,25	16	36	358	16	
39	-46,33 MLWS	47,50	16	36	374	16	
40	-46,58 MLWS	47,75	16	36	390	16	
41	-46,83 MLWS	48,00	16	36	406	16	
42	-47,08 MLWS	48,25	18	36	424	14	
43	-47,33 MLWS	48,50	18	36	442	14	
44	-47,58 MLWS	48,75	18	36	460	14	
45	-47,83 MLWS	49,00	18	36	478	14	
46	-48,08 MLWS	49,25	18	36	496	14	
47	-48,33 MLWS	49,50	18	36	514	14	
48	-48,58 MLWS	49,75	20	36	534	13	
49	-48,83 MLWS	50,00	20	36	554	13	
50	-49,08 MLWS	50,25	20	36	574	13	
51	-49,33 MLWS	50,50	20	36	594	12,5	
52	-49,58 MLWS	50,75	20	36	614	12,5	
53	-49,83 MLWS	51,00	20	36	634	12,5	
54	-50,08 MLWS	51,25	22	36	656	11,4	
55	-50,33 MLWS	51,50	22	36	678	11,4	
56	-50,58 MLWS	51,75	22	36	700	11,4	
57	-50,83 MLWS	52,00	27	36	727	9,3	
58	-51,08 MLWS	52,25	27	36	754	9,3	
59	-51,33 MLWS	52,50	27	36	781	9,3	
60	-51,58 MLWS	52,75	18	50	799	13,9	
61	-51,83 MLWS	53,00	18	50	817	13,9	
62	-52,08 MLWS	53,25	23	43	840	10,9	
63	-52,33 MLWS	53,50	23	43	863	10,9	
64	-52,58 MLWS	53,75	23	46	886	10,9	
65	-52,83 MLWS	54,00	24	46	910	10,4	
66	-53,08 MLWS	54,25	24	46	934	10,4	
67	-53,33 MLWS	54,50	24	46	958	10,4	
68	-53,58 MLWS	54,75	24	48	982	10,4	
69	-53,83 MLWS	55,00	24	48	1.006	10,4	
70	-54,08 MLWS	55,25	24	48	1.030	10,4	
71	-54,33 MLWS	55,50	20	51	1.050	12,5	
72	-54,58 MLWS	55,75	20	51	1.070	12,5	
73	-54,83 MLWS	56,00	22	51	1.092	11,4	
74	-55,08 MLWS	56,25	22	51	1.114	11,4	
75	-55,33 MLWS	56,50	22	51	1.136	11,4	
76	-55,58 MLWS	56,75	24	51	1.160	10,4	
77	-55,83 MLWS	57,00	24	51	1.184	10,4	
78	-56,08 MLWS	57,25	24	51	1.208	10,4	
79	-56,33 MLWS	57,50	24	58	1.232	10,4	
80	-56,58 MLWS	57,75	24	58	1.256	10,4	
81	-56,83 MLWS	58,00	24	58	1.280	10,4	
82	-57,08 MLWS	58,25	24	61	1.304	10,4	
83	-57,33 MLWS	58,50	24	67	1.328	10,4	
84	-57,58 MLWS	58,75	24	67	1.352	10,4	
85	-57,83 MLWS	59,00	24	70	1.376	10,4	
86	-58,08 MLWS	59,25	24	70	1.400	10,4	
87	-58,33 MLWS	59,50	24	70	1.424	10,4	
88	-58,58 MLWS	59,75	24	70	1.448	10,4	
89	-58,83 MLWS	60,00	24	80	1.472	10,4	
90	-59,08 MLWS	60,25	20	90	1.492	12,5	
91	-59,33 MLWS	60,50	20	90	1.512	12,5	
92	-59,58 MLWS	60,75	20	90	1.532	12,5	
93	-59,83 MLWS	61,00	20	100	1.552	12,5	
94	-60,08 MLWS	61,25	20	120	1.572	12,5	
95	-60,33 MLWS	61,50	20	120	1.592	12,5	
96	-60,58 MLWS	61,75	20	140	1.612	12,5	
97	-60,83 MLWS	62,00	20	140	1.632	12,5	
98	-61,08 MLWS	62,25	20	140	1.652	12,5	
99	-61,33 MLWS	62,50	20	140	1.672	12,5	
100	-61,58 MLWS	62,75	20	125	1.692	12,5	
101	-61,83 MLWS	63,00	22	125	1.714	11,4	
102	-62,08 MLWS	63,25	22	125	1.736	11,4	
103	-62,33 MLWS	63,50	21	125	1.757	11,9	
104	-62,58 MLWS	63,75	19	125	1.776	13,2	
