N°	Toe Level	Graduation	Blow_Count	Energy(kJ)	Cumulative_blow_Count	Penetration_per_blow(mm/blow)	comments
1	-37,99 MLWS	39,00					
2	-38,24 MLWS	39,25	8	36	8	31	
3	-38,49 MLWS	39,50	8	36	16	31	
4	-38,74 MLWS	39,75	8	36	24	31	
5	-38,99 MLWS	40,00	7	36	31	36	
6	-39,24 MLWS	40,25	7	36	38	36	
7	-39,49 MLWS	40,50	7	36	45	36	
8	-39,74 MLWS	40,75	6	36	51	42	
9	-39,99 MLWS	41,00	6	36	57	42	
10	-40,24 MLWS	41,25	6	36	63	42	
11	-40,49 MLWS	41,50	6	36	69	42	
12	-40,74 MLWS	41,75	6	36	75	42	
13	-40,99 MLWS	42,00	6	36	81	42	
14	-41,24 MLWS	42,25	6	36	87	42	
15	-41,49 MLWS	42,50	6	36	93	42	
16	-41,74 MLWS	42,75	7	36	100	36	
17	-41,99 MLWS	43,00	7	36	107	36	
18	-42,24 MLWS	43,25	7	36	114	36	
19	-42,49 MLWS	43,50	7	36	121	36	
20	-42,74 MLWS	43,75	7	36	128	36	
21	-42,99 MLWS	44,00	7	36	135	36	
22	-43,24 MLWS	44,25	9	36	144	28	
23	-43,49 MLWS	44,50	9	36	153	28	
24	-43,74 MLWS	44,75	9	36	162	28	
25	-43,99 MLWS	45,00	9	36	171	28	
26	-44,24 MLWS	45,25	9	36	180	28	
27	-44,49 MLWS	45,50	10	36	190	25	
28	-44,74 MLWS	45,75	10	36	200	25	
29	-44,99 MLWS	46,00	10	36	210	25	
30	-45,24 MLWS	46,25	10	36	220	25	
31	-45,49 MLWS	46,50	10	36	230	25	
32	-45,74 MLWS	46,75	10	36	240	25	
33	-45,99 MLWS	47,00	10	36	250	25	
34	-46,24 MLWS	47,25	10	36	260	25	
35	-46,49 MLWS	47,50	15	36	275	17	
36	-46,74 MLWS	47,75	15	36	290	17	
37	-46,99 MLWS	48,00	18	36	308	14	
38	-47,24 MLWS	48,25	18	36	326	14	
39	-47,49 MLWS	48,50	18	36	344	14	
40	-47,74 MLWS	48,75	18	36	362	14	
41	-47,99 MLWS	49,00	18	36	380	14	
42	-48,24 MLWS	49,25	18	36	398	14	
43	-48,49 MLWS	49,50	18	36	416	14	
44	-48,74 MLWS	49,75	18	36	434	14	
45	-48,99 MLWS	50,00	18	36	452	14	
46	-49,24 MLWS	50,25	19	36	471	13	
47	-49,49 MLWS	50,50	19	36	490	13	
48	-49,74 MLWS	50,75	22	36	512	11	
49	-49,99 MLWS	51,00	22	36	534	11	
50	-50,24 MLWS	51,25	22	36	556	11	
51	-50,49 MLWS	51,50	22	36	578	11,4	
52	-50,74 MLWS	51,75	22	36	600	11,4	
53	-50,99 MLWS	52,00	22	36	622	11,4	
54	-51,24 MLWS	52,25	22	36	644	11,4	
55	-51,49 MLWS	52,50	24	40	668	10,4	
56	-51,74 MLWS	52,75	24	40	692	10,4	
57	-51,99 MLWS	53,00	24	40	716	10,4	
58	-52,24 MLWS	53,25	24	40	740	10,4	
59	-52,49 MLWS	53,50	24	40	764	10,4	
60	-52,74 MLWS	53,75	24	40	788	10,4	
61	-52,99 MLWS	54,00	25	50	813	10,0	
62	-53,24 MLWS	54,25	25	50	838	10,0	
63	-53,49 MLWS	54,50	25	50	863	10,0	
64	-53,74 MLWS	54,75	25	50	888	10,0	
65	-53,99 MLWS	55,00	25	60	913	10,0	
66	-54,24 MLWS	55,25	25	60	938	10,0	
67	-54,49 MLWS	55,50	25	60	963	10,0	
68	-54,74 MLWS	55,75	25	60	988	10,0	
69	-54,99 MLWS	56,00	25	60	1.013	10,0	
70	-55,24 MLWS	56,25	25	60	1.038	10,0	
71	-55,49 MLWS	56,50	26	60	1.064	9,6	
72	-55,74 MLWS	56,75	26	60	1.090	9,6	
73	-55,99 MLWS	57,00	26	60	1.116	9,6	
74	-56,24 MLWS	57,25	26	60	1.142	9,6	
75	-56,49 MLWS	57,50	26	75	1.168	9,6	
76	-56,74 MLWS	57,75	26	75	1.194	9,6	
77	-56,99 MLWS	58,00	26	75	1.220	9,6	
78	-57,24 MLWS	58,25	26	75	1.246	9,6	
79	-57,49 MLWS	58,50	26	75	1.272	9,6	
80	-57,74 MLWS	58,75	26	90	1.298	9,6	
81	-57,99 MLWS	59,00	29	90	1.327	8,6	
82	-58,24 MLWS	59,25	24	90	1.351	10,4	
83	-58,49 MLWS	59,50	24	100	1.375	10,4	
84	-58,74 MLWS	59,75	24	100	1.399	10,4	
85	-58,99 MLWS	60,00	24	100	1.423	10,4	
86	-59,24 MLWS	60,25	25	110	1.448	10,0	
87	-59,49 MLWS	60,50	25	110	1.473	10,0	
88	-59,74 MLWS	60,75	27	110	1.500	9,3	
89	-59,99 MLWS	61,00	22	120	1.522	11,4	
90	-60,24 MLWS	61,25	22	120	1.544	11,4	
91	-60,49 MLWS	61,50	25	120	1.569	10,0	
92	-60,74 MLWS	61,75	25	120	1.594	10,0	
93	-60,99 MLWS	62,00	22	130	1.616	11,4	
94	-61,24 MLWS	62,25	22	130	1.638	11,4	
95	-61,49 MLWS	62,50	22	130	1.660	11,4	
96	-61,74 MLWS	62,75	22	130	1.682	11,4	
97	-61,99 MLWS	63,00	35	140	1.717	7,1	
98	-62,24 MLWS	63,25	22	150	1.739	11,4	
99	-62,49 MLWS	63,50	22	150	1.761	11,4	
100	-62,74 MLWS	63,75	22	150	1.783	11,4	
101	-62,99 MLWS	64,00	27	160	1.810	9,3	
102	-63,24 MLWS	64,25	27	160	1.837	9,3	
103	-63,49 MLWS	64,50	27	160	1.864	9,3	
104	-63,74 MLWS	64,75	27	170	1.891	9,3	
105	-63,99 MLWS	65,00	27	170	1.918	9,3	
106	-64,24 MLWS	65,25	27	170	1.945	9,3	
107	-64,49 MLWS	65,50	27	170	1.972	9,3	
108	-64,74 MLWS	65,75	27	180	1.999	9,3	
109	-64,99 MLWS	66,00	27	180	2.026	9,3	
110	-65,24 MLWS	66,25	27	180	2.053	9,3	
111	-65,49 MLWS	66,50	27	180	2.080	9,3	
112	-65,74 MLWS	66,75	27	180	2.107	9,3	
113	-65,99 MLWS	67,00	27	190	2.134	9,3	
114	-66,24 MLWS	67,25	27	190	2.161	9,3	
115	-66,49 MLWS	67,50	22	190	2.183	11,4	
116	-66,74 MLWS	67,75	22	190	2.205	11,4	
117	-66,99 MLWS	68,00	22	190	2.227	11,4	
118	-67,24 MLWS	68,25	22	190	2.249	11,4	
119	-67,49 MLWS	68,50	24	200	2.273	10,4	
120	-67,74 MLWS	68,75	24	200	2.297	10,4	
121	-67,99 MLWS	69,00	27	200	2.324	9,3	
122	-68,24 MLWS	69,25	26	200	2.350	9,6	
123	-68,49 MLWS	69,50	26	210	2.376	9,6	
124	-68,74 MLWS	69,75	26	210	2.402	9,6	
125	-68,99 MLWS	70,00	26	210	2.428	9,6	
126	-69,24 MLWS	70,25	26	210	2.454	9,6	
127	-69,49 MLWS	70,50	22	210	2.476	11,4	
128	-69,74 MLWS	70,75	22	210	2.498	11,4	
129	-69,99 MLWS	71,00	22	210	2.520	11,4	
130	-70,24 MLWS	71,25	24	220	2.544	10,4	
131	-70,49 MLWS	71,50	24	220	2.568	10,4	
132	-70,74 MLWS	71,75	24	220	2.592	10,4	
133	-70,99 MLWS	72,00	24	240	2.616	10,4	
134	-71,24 MLWS	72,25	27	240	2.643	9,3	
135	-71,49 MLWS	72,50	27	250	2.670	9,3	
136	-71,74 MLWS	72,75	27	250	2.697	9,3	
137	-71,99 MLWS	73,00	27	250	2.724	9,3	
138	-72,24 MLWS	73,25	27	250	2.751	9,3	
139	-72,49 MLWS	73,50	27	250	2.778	9,3	
140	-72,74 MLWS	73,75	27	250	2.805	9,3	
141	-72,99 MLWS	74,00	27	250	2.832	9,3	
142	-73,24 MLWS	74,25	27	250	2.859	9,3	
143	-73,49 MLWS	74,50	29	250	2.888	8,6	
144	-73,74 MLWS	74,75	29	250	2.917	8,6	
145	-73,99 MLWS	75,00	29	250	2.946	8,6	
146	-74,24 MLWS	75,25	30	250	2.976	8,3	
147	-74,49 MLWS	75,50	30	250	3.006	8,3	
148	-74,74 MLWS	75,75	30	250	3.036	8,3	
149	-74,89 MLWS	75,90	20	250	3.056	7,5	
