N°	Toe Level	Graduation	Blow_Count	Energy(kJ)	Cumulative_blow_Count	Penetration_per_blow(mm/blow)	comments
1	-37,54 MLWS	38,25					
2	-37,79 MLWS	38,50	8	36	8	31	
3	-38,04 MLWS	38,75	12	36	20	21	
4	-38,29 MLWS	39,00	8	36	28	31	
5	-38,54 MLWS	39,25	6	36	34	42	
6	-38,79 MLWS	39,50	6	36	40	42	
7	-39,04 MLWS	39,75	6	36	46	42	
8	-39,29 MLWS	40,00	6	36	52	42	
9	-39,54 MLWS	40,25	7	36	59	36	
10	-39,79 MLWS	40,50	7	36	66	36	
11	-40,04 MLWS	40,75	6	36	72	42	
12	-40,29 MLWS	41,00	7	36	79	36	
13	-40,54 MLWS	41,25	7	36	86	36	
14	-40,79 MLWS	41,50	7	36	93	36	
15	-41,04 MLWS	41,75	7	36	100	36	
16	-41,29 MLWS	42,00	7	36	107	36	
17	-41,54 MLWS	42,25	8	36	115	31	
18	-41,79 MLWS	42,50	8	36	123	31	
19	-42,04 MLWS	42,75	8	36	131	31	
20	-42,29 MLWS	43,00	8	36	139	31	
21	-42,54 MLWS	43,25	7	36	146	36	
22	-42,79 MLWS	43,50	8	36	154	31	
23	-43,04 MLWS	43,75	8	36	162	31	
24	-43,29 MLWS	44,00	8	36	170	31	
25	-43,54 MLWS	44,25	8	36	178	31	
26	-43,79 MLWS	44,50	10	36	188	25	
27	-44,04 MLWS	44,75	10	36	198	25	
28	-44,29 MLWS	45,00	10	36	208	25	
29	-44,54 MLWS	45,25	10	36	218	25	
30	-44,79 MLWS	45,50	10	36	228	25	
31	-45,04 MLWS	45,75	10	36	238	25	
32	-45,29 MLWS	46,00	10	36	248	25	
33	-45,54 MLWS	46,25	13	36	261	19	
34	-45,79 MLWS	46,50	10	36	271	25	
35	-46,04 MLWS	46,75	12	36	283	21	
36	-46,29 MLWS	47,00	12	36	295	21	
37	-46,54 MLWS	47,25	13	36	308	19	
38	-46,79 MLWS	47,50	12	36	320	21	
39	-47,04 MLWS	47,75	13	36	333	19	
40	-47,29 MLWS	48,00	13	36	346	19	
41	-47,54 MLWS	48,25	15	36	361	17	
42	-47,79 MLWS	48,50	14	36	375	18	
43	-48,04 MLWS	48,75	15	36	390	17	
44	-48,29 MLWS	49,00	13	36	403	19	
45	-48,54 MLWS	49,25	17	36	420	15	
46	-48,79 MLWS	49,50	15	36	435	17	
47	-49,04 MLWS	49,75	16	36	451	16	
48	-49,29 MLWS	50,00	16	36	467	16	
49	-49,54 MLWS	50,25	16	36	483	16	
50	-49,79 MLWS	50,50	16	36	499	16	
51	-50,04 MLWS	50,75	18	36	517	13,9	
52	-50,29 MLWS	51,00	20	36	537	12,5	
53	-50,54 MLWS	51,25	24	36	561	10,4	
54	-50,79 MLWS	51,50	20	36	581	12,5	
55	-51,04 MLWS	51,75	24	36	605	10,4	
56	-51,29 MLWS	52,00	22	36	627	11,4	
57	-51,54 MLWS	52,25	22	36	649	11,4	
58	-51,79 MLWS	52,50	24	36	673	10,4	
59	-52,04 MLWS	52,75	28	36	701	8,9	
60	-52,29 MLWS	53,00	28	36	729	8,9	
61	-52,54 MLWS	53,25	28	36	757	8,9	
62	-52,79 MLWS	53,50	25	40	782	10,0	
63	-53,04 MLWS	53,75	25	45	807	10,0	
64	-53,29 MLWS	54,00	27	45	834	9,3	
65	-53,54 MLWS	54,25	26	50	860	9,6	
66	-53,79 MLWS	54,50	26	50	886	9,6	
67	-54,04 MLWS	54,75	26	50	912	9,6	
68	-54,29 MLWS	55,00	26	50	938	9,6	
69	-54,54 MLWS	55,25	26	50	964	9,6	
70	-54,79 MLWS	55,50	26	52	990	9,6	
71	-55,04 MLWS	55,75	26	52	1.016	9,6	
72	-55,29 MLWS	56,00	27	52	1.043	9,3	
73	-55,54 MLWS	56,25	31	55	1.074	8,1	
74	-55,79 MLWS	56,50	28	58	1.102	8,9	
75	-56,04 MLWS	56,75	27	58	1.129	9,3	
76	-56,29 MLWS	57,00	27	58	1.156	9,3	
77	-56,54 MLWS	57,25	31	58	1.187	8,1	
78	-56,79 MLWS	57,50	28	59	1.215	8,9	
79	-57,04 MLWS	57,75	31	63	1.246	8,1	
80	-57,29 MLWS	58,00	28	68	1.274	8,9	
81	-57,54 MLWS	58,25	31	68	1.305	8,1	
82	-57,79 MLWS	58,50	29	72	1.334	8,6	
83	-58,04 MLWS	58,75	32	72	1.366	7,8	
84	-58,29 MLWS	59,00	27	72	1.393	9,3	
85	-58,54 MLWS	59,25	25	90	1.418	10,0	
86	-58,79 MLWS	59,50	29	95	1.447	8,6	
87	-59,04 MLWS	59,75	26	95	1.473	9,6	
88	-59,29 MLWS	60,00	26	95	1.499	9,6	
89	-59,54 MLWS	60,25	28	95	1.527	8,9	
90	-59,79 MLWS	60,50	30	100	1.557	8,3	
91	-60,04 MLWS	60,75	30	100	1.587	8,3	
92	-60,29 MLWS	61,00	26	110	1.613	9,6	
93	-60,54 MLWS	61,25	29	110	1.642	8,6	
94	-60,79 MLWS	61,50	29	115	1.671	8,6	
95	-61,04 MLWS	61,75	29	120	1.700	8,6	
96	-61,29 MLWS	62,00	26	125	1.726	9,6	
97	-61,54 MLWS	62,25	27	130	1.753	9,3	
98	-61,79 MLWS	62,50	26	135	1.779	9,6	
99	-62,04 MLWS	62,75	26	140	1.805	9,6	
100	-62,29 MLWS	63	28	140	1.833	8,9	
101	-62,54 MLWS	63,25	27	145	1.860	9,3	
102	-62,79 MLWS	63,50	28	145	1.888	8,9	
103	-63,04 MLWS	63,75	29	145	1.917	8,6	
104	-63,29 MLWS	64,00	29	145	1.946	8,6	
105	-63,54 MLWS	64,25	30	145	1.976	8,3	
106	-63,79 MLWS	64,50	28	155	2.004	8,9	
107	-64,04 MLWS	64,75	30	155	2.034	8,3	
108	-64,29 MLWS	65,00	29	155	2.063	8,6	
109	-64,54 MLWS	65,25	29	170	2.092	8,6	
110	-64,79 MLWS	65,50	26	180	2.118	9,6	
111	-65,04 MLWS	65,75	26	180	2.144	9,6	
112	-65,29 MLWS	66,00	26	185	2.170	9,6	
113	-65,54 MLWS	66,25	25	185	2.195	10,0	
114	-65,79 MLWS	66,50	25	185	2.220	10,0	
115	-66,04 MLWS	66,75	28	185	2.248	8,9	
116	-66,29 MLWS	67,00	28	185	2.276	8,9	
117	-66,54 MLWS	67,25	26	185	2.302	9,6	
118	-66,79 MLWS	67,50	26	190	2.328	9,6	
119	-67,04 MLWS	67,75	26	190	2.354	9,6	
120	-67,29 MLWS	68,00	26	190	2.380	9,6	
121	-67,54 MLWS	68,25	20	180	2.400	12,5	
122	-67,79 MLWS	68,50	29	185	2.429	8,6	
123	-68,04 MLWS	68,75	29	195	2.458	8,6	
124	-68,29 MLWS	69,00	32	200	2.490	7,8	
125	-68,54 MLWS	69,25	29	210	2.519	8,6	
126	-68,79 MLWS	69,50	32	215	2.551	7,8	
127	-69,04 MLWS	69,75	29	225	2.580	8,6	
128	-69,29 MLWS	70,00	32	235	2.612	7,8	
129	-69,54 MLWS	70,25	30	240	2.642	8,3	
130	-69,79 MLWS	70,50	29	240	2.671	8,6	
131	-70,04 MLWS	70,75	26	250	2.697	9,6	
132	-70,29 MLWS	71,00	24	260	2.721	10,4	
133	-70,54 MLWS	71,25	24	255	2.745	10,4	
134	-70,79 MLWS	71,50	24	255	2.769	10,4	
135	-71,04 MLWS	71,75	21	255	2.790	11,9	
136	-71,29 MLWS	72,00	21	240	2.811	11,9	
137	-71,54 MLWS	72,25	21	235	2.832	11,9	
138	-71,79 MLWS	72,50	24	230	2.856	10,4	
139	-72,04 MLWS	72,75	24	210	2.880	10,4	
140	-72,29 MLWS	73,00	26	210	2.906	9,6	
141	-72,54 MLWS	73,25	26	210	2.932	9,6	
142	-72,79 MLWS	73,50	26	210	2.958	9,6	
143	-73,04 MLWS	73,75	26	210	2.984	9,6	
144	-73,29 MLWS	74,00	26	210	3.010	9,6	
145	-73,54 MLWS	74,25	28	210	3.038	8,9	
146	-73,79 MLWS	74,50	28	210	3.066	8,9	
147	-74,04 MLWS	74,75	26	215	3.092	9,6	
148	-74,29 MLWS	75,00	26	215	3.118	9,6	
149	-74,54 MLWS	75,25	26	215	3.144	9,6	
150	-74,79 MLWS	75,5	28	215	3.172	8,9	
151	-75,04 MLWS	75,75	26	225	3.198	9,6	
152	-75,29 MLWS	76,00	29	225	3.227	8,6	
153	-75,54 MLWS	76,25	28	225	3.255	8,9	
