N°	Toe Level	Graduation	Blow_Count	Energy(kJ)	Cumulative_blow_Count	Penetration_per_blow(mm/blow)	comments
1	-36,32 MLWS	37,00					
2	-36,57 MLWS	37,25	1	36	1	250	
3	-36,82 MLWS	37,50	12	36	13	21	
4	-37,07 MLWS	37,75	12	36	25	21	
5	-37,32 MLWS	38,00	6	36	31	42	
6	-37,57 MLWS	38,25	6	36	37	42	
7	-37,82 MLWS	38,50	6	36	43	42	
8	-38,07 MLWS	38,75	6	36	49	42	
9	-38,32 MLWS	39,00	5	36	54	50	
10	-38,57 MLWS	39,25	6	36	60	42	
11	-38,82 MLWS	39,50	6	36	66	42	
12	-39,07 MLWS	39,75	6	36	72	42	
13	-39,32 MLWS	40,00	5	36	77	50	
14	-39,57 MLWS	40,25	6	36	83	42	
15	-39,82 MLWS	40,50	6	36	89	42	
16	-40,07 MLWS	40,75	6	36	95	42	
17	-40,32 MLWS	41,00	6	36	101	42	
18	-40,57 MLWS	41,25	6	36	107	42	
19	-40,82 MLWS	41,50	7	36	114	36	
20	-41,07 MLWS	41,75	7	36	121	36	
21	-41,32 MLWS	42,00	7	36	128	36	
22	-41,57 MLWS	42,25	7	36	135	36	
23	-41,82 MLWS	42,50	7	36	142	36	
24	-42,07 MLWS	42,75	7	36	149	36	
25	-42,32 MLWS	43,00	9	36	158	28	
26	-42,57 MLWS	43,25	7	36	165	36	
27	-42,82 MLWS	43,50	8	36	173	31	
28	-43,07 MLWS	43,75	9	36	182	28	
29	-43,32 MLWS	44,00	10	36	192	25	
30	-43,57 MLWS	44,25	10	36	202	25	
31	-43,82 MLWS	44,50	10	36	212	25	
32	-44,07 MLWS	44,75	10	36	222	25	
33	-44,32 MLWS	45,00	10	36	232	25	
34	-44,57 MLWS	45,25	10	36	242	25	
35	-44,82 MLWS	45,50	11	36	253	23	
36	-45,07 MLWS	45,75	13	36	266	19	
37	-45,32 MLWS	46,00	13	36	279	19	
38	-45,57 MLWS	46,25	14	36	293	18	
39	-45,82 MLWS	46,50	15	36	308	17	
40	-46,07 MLWS	46,75	16	36	324	16	
41	-46,32 MLWS	47,00	15	36	339	17	
42	-46,57 MLWS	47,25	15	36	354	17	
43	-46,82 MLWS	47,50	18	36	372	14	
44	-47,07 MLWS	47,75	15	36	387	17	
45	-47,32 MLWS	48,00	15	36	402	17	
46	-47,57 MLWS	48,25	18	36	420	14	
47	-47,82 MLWS	48,50	16	36	436	16	
48	-48,07 MLWS	48,75	16	36	452	16	
49	-48,32 MLWS	49,00	16	36	468	16	
50	-48,57 MLWS	49,25	18	36	486	14	
51	-48,82 MLWS	49,50	20	36	506	12,5	
52	-49,07 MLWS	49,75	19	36	525	13,2	
53	-49,32 MLWS	50,00	19	36	544	13,2	
54	-49,57 MLWS	50,25	22	36	566	11,4	
55	-49,82 MLWS	50,50	20	36	586	12,5	
56	-50,07 MLWS	50,75	20	36	606	12,5	
57	-50,32 MLWS	51,00	20	36	626	12,5	
58	-50,57 MLWS	51,25	19	36	645	13,2	
59	-50,82 MLWS	51,50	20	43	665	12,5	
60	-51,07 MLWS	51,75	20	43	685	12,5	
61	-51,32 MLWS	52,00	22	43	707	11,4	
62	-51,57 MLWS	52,25	22	43	729	11,4	
63	-51,82 MLWS	52,50	22	43	751	11,4	
64	-52,07 MLWS	52,75	22	43	773	11,4	
65	-52,32 MLWS	53,00	24	43	797	10,4	
66	-52,57 MLWS	53,25	26	43	823	9,6	
67	-52,82 MLWS	53,50	26	43	849	9,6	
68	-53,07 MLWS	53,75	30	43	879	8,3	
69	-53,32 MLWS	54,00	26	43	905	9,6	
70	-53,57 MLWS	54,25	27	55	932	9,3	
71	-53,82 MLWS	54,50	24	55	956	10,4	
72	-54,07 MLWS	54,75	24	55	980	10,4	
73	-54,32 MLWS	55,00	25	55	1.005	10,0	
74	-54,57 MLWS	55,25	24	56	1.029	10,4	
75	-54,82 MLWS	55,50	24	60	1.053	10,4	
76	-55,07 MLWS	55,75	26	60	1.079	9,6	
77	-55,32 MLWS	56,00	26	64	1.105	9,6	
78	-55,57 MLWS	56,25	26	67	1.131	9,6	
79	-55,82 MLWS	56,50	26	71	1.157	9,6	
80	-56,07 MLWS	56,75	26	90	1.183	9,6	
81	-56,32 MLWS	57,00	26	90	1.209	9,6	
82	-56,57 MLWS	57,25	23	90	1.232	10,9	
83	-56,82 MLWS	57,50	22	90	1.254	11,4	
84	-57,07 MLWS	57,75	22	90	1.276	11,4	
85	-57,32 MLWS	58,00	22	90	1.298	11,4	
86	-57,57 MLWS	58,25	25	90	1.323	10,0	
87	-57,82 MLWS	58,50	25	90	1.348	10,0	
88	-58,07 MLWS	58,75	25	90	1.373	10,0	
89	-58,32 MLWS	59,00	29	90	1.402	8,6	
90	-58,57 MLWS	59,25	29	90	1.431	8,6	
91	-58,82 MLWS	59,50	24	100	1.455	10,4	
92	-59,07 MLWS	59,75	22	120	1.477	11,4	
93	-59,32 MLWS	60,00	22	120	1.499	11,4	
94	-59,57 MLWS	60,25	26	120	1.525	9,6	
95	-59,82 MLWS	60,50	26	130	1.551	9,6	
96	-60,07 MLWS	60,75	22	130	1.573	11,4	
97	-60,32 MLWS	61,00	22	130	1.595	11,4	
98	-60,57 MLWS	61,25	22	130	1.617	11,4	
99	-60,82 MLWS	61,50	22	130	1.639	11,4	
100	-61,07 MLWS	61,75	22	150	1.661	11,4	
101	-61,32 MLWS	62,00	24	150	1.685	10,4	
102	-61,57 MLWS	62,25	24	135	1.709	10,4	
103	-61,82 MLWS	62,50	26	135	1.735	9,6	
104	-62,07 MLWS	62,75	26	135	1.761	9,6	
105	-62,32 MLWS	63,00	26	135	1.787	9,6	
106	-62,57 MLWS	63,25	40	135	1.827	6,3	
107	-62,82 MLWS	63,50	32	135	1.859	7,8	
108	-63,07 MLWS	63,75	38	135	1.897	6,6	
109	-63,32 MLWS	64,00	40	135	1.937	6,3	
110	-63,57 MLWS	64,25	36	135	1.973	6,9	
111	-63,82 MLWS	64,50	36	135	2.009	6,9	
112	-64,07 MLWS	64,75	34	135	2.043	7,4	
113	-64,32 MLWS	65,00	36	135	2.079	6,9	
114	-64,57 MLWS	65,25	36	160	2.115	6,9	
115	-64,82 MLWS	65,50	38	170	2.153	6,6	
116	-65,07 MLWS	65,75	32	180	2.185	7,8	
117	-65,32 MLWS	66,00	34	190	2.219	7,4	
118	-65,57 MLWS	66,25	28	210	2.247	8,9	
119	-65,82 MLWS	66,50	32	210	2.279	7,8	
120	-66,07 MLWS	66,75	30	210	2.309	8,3	
121	-66,32 MLWS	67,00	30	210	2.339	8,3	
122	-66,57 MLWS	67,25	38	220	2.377	6,6	
123	-66,82 MLWS	67,50	30	230	2.407	8,3	
124	-67,07 MLWS	67,75	30	230	2.437	8,3	
125	-67,32 MLWS	68,00	30	230	2.467	8,3	
126	-67,57 MLWS	68,25	30	230	2.497	8,3	
127	-67,82 MLWS	68,50	28	230	2.525	8,9	
128	-68,07 MLWS	68,75	28	230	2.553	8,9	
129	-68,32 MLWS	69,00	28	230	2.581	8,9	
130	-68,57 MLWS	69,25	28	230	2.609	8,9	
131	-68,82 MLWS	69,50	30	230	2.639	8,3	
132	-69,07 MLWS	69,75	30	230	2.669	8,3	
133	-69,32 MLWS	70,00	26	230	2.695	9,6	
134	-69,57 MLWS	70,25	28	230	2.723	8,9	
135	-69,82 MLWS	70,50	26	230	2.749	9,6	
136	-70,07 MLWS	70,75	28	230	2.777	8,9	
137	-70,32 MLWS	71,00	28	240	2.805	8,9	
138	-70,57 MLWS	71,25	26	240	2.831	9,6	
