N°	Toe Level	Graduation	Blow_Count	Energy(kJ)	Cumulative_blow_Count	Penetration_per_blow(mm/blow)	comments
1	-38,01 MLWS	39,00					
2	-38,26 MLWS	39,25	5	36	5	50	
3	-38,51 MLWS	39,50	5	36	10	50	
4	-38,76 MLWS	39,75	5	36	15	50	
5	-39,01 MLWS	40,00	5	36	20	50	
6	-39,26 MLWS	40,25	5	36	25	50	
7	-39,51 MLWS	40,50	5	36	30	50	
8	-39,76 MLWS	40,75	6	36	36	42	
9	-40,01 MLWS	41,00	7	36	43	36	
10	-40,26 MLWS	41,25	6	36	49	42	
11	-40,51 MLWS	41,50	6	36	55	42	
12	-40,76 MLWS	41,75	6	36	61	42	
13	-41,01 MLWS	42,00	6	36	67	42	
14	-41,26 MLWS	42,25	5	36	72	50	
15	-41,51 MLWS	42,50	5	36	77	50	
16	-41,76 MLWS	42,75	5	36	82	50	
17	-42,01 MLWS	43,00	6	36	88	42	
18	-42,26 MLWS	43,25	7	36	95	36	
19	-42,51 MLWS	43,50	7	36	102	36	
20	-42,76 MLWS	43,75	7	36	109	36	
21	-43,01 MLWS	44,00	8	36	117	31	
22	-43,26 MLWS	44,25	8	36	125	31	
23	-43,51 MLWS	44,50	8	36	133	31	
24	-43,76 MLWS	44,75	8	36	141	31	
25	-44,01 MLWS	45,00	8	36	149	31	
26	-44,26 MLWS	45,25	8	36	157	31	
27	-44,51 MLWS	45,50	10	36	167	25	
28	-44,76 MLWS	45,75	9	36	176	28	
29	-45,01 MLWS	46,00	9	36	185	28	
30	-45,26 MLWS	46,25	9	36	194	28	
31	-45,51 MLWS	46,50	10	36	204	25	
32	-45,76 MLWS	46,75	10	36	214	25	
33	-46,01 MLWS	47,00	12	36	226	21	
34	-46,26 MLWS	47,25	12	36	238	21	
35	-46,51 MLWS	47,50	12	36	250	21	
36	-46,76 MLWS	47,75	13	36	263	19	
37	-47,01 MLWS	48,00	13	36	276	19	
38	-47,26 MLWS	48,25	13	36	289	19	
39	-47,51 MLWS	48,50	15	36	304	17	
40	-47,76 MLWS	48,75	15	36	319	17	
41	-48,01 MLWS	49,00	15	36	334	17	
42	-48,26 MLWS	49,25	14	36	348	18	
43	-48,51 MLWS	49,50	14	36	362	18	
44	-48,76 MLWS	49,75	15	36	377	17	
45	-49,01 MLWS	50,00	16	36	393	16	
46	-49,26 MLWS	50,25	17	36	410	15	
47	-49,51 MLWS	50,50	17	36	427	15	
48	-49,76 MLWS	50,75	17	36	444	15	
49	-50,01 MLWS	51,00	16	36	460	16	
50	-50,26 MLWS	51,25	17	36	477	15	
51	-50,51 MLWS	51,50	21	36	498	11,9	
52	-50,76 MLWS	51,75	22	36	520	11,4	
53	-51,01 MLWS	52,00	22	36	542	11,4	
54	-51,26 MLWS	52,25	27	36	569	9,3	
55	-51,51 MLWS	52,50	28	36	597	8,9	
56	-51,76 MLWS	52,75	30	47	627	8,3	
57	-52,01 MLWS	53,00	28	49	655	8,9	
58	-52,26 MLWS	53,25	29	49	684	8,6	
59	-52,51 MLWS	53,50	27	49	711	9,3	
60	-52,76 MLWS	53,75	26	50	737	9,6	
61	-53,01 MLWS	54,00	25	50	762	10,0	
62	-53,26 MLWS	54,25	27	57	789	9,3	
63	-53,51 MLWS	54,50	26	57	815	9,6	
64	-53,76 MLWS	54,75	28	61	843	8,9	
65	-54,01 MLWS	55,00	24	61	867	10,4	
66	-54,26 MLWS	55,25	27	63	894	9,3	
67	-54,51 MLWS	55,50	24	63	918	10,4	
68	-54,76 MLWS	55,75	24	63	942	10,4	
69	-55,01 MLWS	56,00	24	63	966	10,4	
70	-55,26 MLWS	56,25	31	63	997	8,1	
71	-55,51 MLWS	56,50	26	66	1.023	9,6	
72	-55,76 MLWS	56,75	25	66	1.048	10,0	
73	-56,01 MLWS	57,00	27	66	1.075	9,3	
74	-56,26 MLWS	57,25	29	71	1.104	8,6	
75	-56,51 MLWS	57,50	39	72	1.143	6,4	
76	-56,76 MLWS	57,75	44	90	1.187	5,7	
77	-57,01 MLWS	58,00	44	120	1.231	5,7	
78	-57,26 MLWS	58,25	55	160	1.286	4,5	
79	-57,51 MLWS	58,50	55	160	1.341	4,5	
80	-57,76 MLWS	58,75	52	200	1.393	4,8	
81	-58,01 MLWS	59,00	52	200	1.445	4,8	
82	-58,26 MLWS	59,25	52	200	1.497	4,8	
83	-58,51 MLWS	59,50	60	200	1.557	4,2	
84	-58,76 MLWS	59,75	60	200	1.617	4,2	
85	-59,01 MLWS	60,00	66	200	1.683	3,8	
86	-59,26 MLWS	60,25	44	200	1.727	5,7	
87	-59,51 MLWS	60,50	25	200	1.752	10,0	
88	-59,76 MLWS	60,75	22	160	1.774	11,4	
89	-60,01 MLWS	61,00	20	160	1.794	12,5	
90	-60,26 MLWS	61,25	23	150	1.817	10,9	
91	-60,51 MLWS	61,50	25	150	1.842	10,0	
92	-60,76 MLWS	61,75	24	150	1.866	10,4	
93	-61,01 MLWS	62,00	24	150	1.890	10,4	
94	-61,26 MLWS	62,25	25	150	1.915	10,0	
95	-61,51 MLWS	62,50	25	150	1.940	10,0	
96	-61,76 MLWS	62,75	24	160	1.964	10,4	
97	-62,01 MLWS	63,00	23	160	1.987	10,9	
98	-62,26 MLWS	63,25	23	160	2.010	10,9	
99	-62,51 MLWS	63,50	24	160	2.034	10,4	
100	-62,76 MLWS	63,75	24	160	2.058	10,4	
101	-63,01 MLWS	64,00	24	160	2.082	10,4	
102	-63,26 MLWS	64,25	25	160	2.107	10,0	
103	-63,51 MLWS	64,50	25	160	2.132	10,0	
104	-63,76 MLWS	64,75	24	160	2.156	10,4	
105	-64,01 MLWS	65,00	23	155	2.179	10,9	
106	-64,26 MLWS	65,25	23	155	2.202	10,9	
107	-64,51 MLWS	65,50	25	155	2.227	10,0	
108	-64,76 MLWS	65,75	25	155	2.252	10,0	
109	-65,01 MLWS	66,00	26	145	2.278	9,6	
110	-65,26 MLWS	66,25	25	150	2.303	10,0	
111	-65,51 MLWS	66,50	26	150	2.329	9,6	
112	-65,76 MLWS	66,75	26	155	2.355	9,6	
113	-66,01 MLWS	67,00	26	165	2.381	9,6	
114	-66,26 MLWS	67,25	25	170	2.406	10,0	
115	-66,51 MLWS	67,50	28	170	2.434	8,9	
116	-66,76 MLWS	67,75	28	180	2.462	8,9	
117	-67,01 MLWS	68,00	28	190	2.490	8,9	
118	-67,26 MLWS	68,25	28	200	2.518	8,9	
119	-67,51 MLWS	68,50	28	210	2.546	8,9	
120	-67,76 MLWS	68,75	28	220	2.574	8,9	
121	-68,01 MLWS	69,00	28	220	2.602	8,9	
122	-68,26 MLWS	69,25	29	215	2.631	8,6	
123	-68,51 MLWS	69,50	29	220	2.660	8,6	
124	-68,76 MLWS	69,75	30	220	2.690	8,3	
125	-69,01 MLWS	70,00	28	225	2.718	8,9	
126	-69,26 MLWS	70,25	25	220	2.743	10,0	
127	-69,51 MLWS	70,50	25	225	2.768	10,0	
128	-69,76 MLWS	70,75	26	225	2.794	9,6	
129	-70,01 MLWS	71,00	26	225	2.820	9,6	
130	-70,26 MLWS	71,25	25	225	2.845	10,0	
131	-70,51 MLWS	71,50	20	220	2.865	12,5	
132	-70,76 MLWS	71,75	20	220	2.885	12,5	
133	-71,01 MLWS	72,00	21	220	2.906	11,9	
134	-71,26 MLWS	72,25	23	220	2.929	10,9	
135	-71,51 MLWS	72,50	24	215	2.953	10,4	
136	-71,76 MLWS	72,75	23	215	2.976	10,9	
137	-72,01 MLWS	73,00	30	215	3.006	8,3	
138	-72,26 MLWS	73,25	21	220	3.027	11,9	
139	-72,51 MLWS	73,50	27	220	3.054	9,3	
140	-72,76 MLWS	73,75	27	220	3.081	9,3	
141	-73,01 MLWS	74,00	27	225	3.108	9,3	
