N°	Toe Level	Graduation	Blow_Count	Energy(kJ)	Cumulative_blow_Count	Penetration_per_blow(mm/blow)	comments
1	-39,30 MLWS	40,50					
2	-39,55 MLWS	40,75	7	36	7	36	
3	-39,80 MLWS	41,00	7	36	14	36	
4	-40,05 MLWS	41,25	7	36	21	36	
5	-40,30 MLWS	41,50	7	36	28	36	
6	-40,55 MLWS	41,75	7	36	35	36	
7	-40,80 MLWS	42,00	7	36	42	36	
8	-41,05 MLWS	42,25	5	36	47	50	
9	-41,30 MLWS	42,50	5	36	52	50	
10	-41,55 MLWS	42,75	5	36	57	50	
11	-41,80 MLWS	43,00	6	36	63	42	
12	-42,05 MLWS	43,25	6	36	69	42	
13	-42,30 MLWS	43,50	6	36	75	42	
14	-42,55 MLWS	43,75	6	36	81	42	
15	-42,80 MLWS	44,00	5	36	86	50	
16	-43,05 MLWS	44,25	5	36	91	50	
17	-43,30 MLWS	44,50	5	36	96	50	
18	-43,55 MLWS	44,75	6	36	102	42	
19	-43,80 MLWS	45,00	6	36	108	42	
20	-44,05 MLWS	45,25	6	36	114	42	
21	-44,30 MLWS	45,50	6	36	120	42	
22	-44,55 MLWS	45,75	7	36	127	36	
23	-44,80 MLWS	46,00	7	36	134	36	
24	-45,05 MLWS	46,25	7	36	141	36	
25	-45,30 MLWS	46,50	7	36	148	36	
26	-45,55 MLWS	46,75	9	36	157	28	
27	-45,80 MLWS	47,00	9	36	166	28	
28	-46,05 MLWS	47,25	9	36	175	28	
29	-46,30 MLWS	47,50	9	36	184	28	
30	-46,55 MLWS	47,75	11	36	195	23	
31	-46,80 MLWS	48,00	11	36	206	23	
32	-47,05 MLWS	48,25	11	36	217	23	
33	-47,30 MLWS	48,50	11	36	228	23	
34	-47,55 MLWS	48,75	11	36	239	23	
35	-47,80 MLWS	49,00	11	36	250	23	
36	-48,05 MLWS	49,25	13	36	263	19	
37	-48,30 MLWS	49,50	25	36	288	10	
38	-48,55 MLWS	49,75	27	36	315	9	
39	-48,80 MLWS	50,00	30	36	345	8	
40	-49,05 MLWS	50,25	30	36	375	8	
41	-49,30 MLWS	50,50	30	36	405	8	
42	-49,55 MLWS	50,75	30	36	435	8	
43	-49,80 MLWS	51,00	30	50	465	8	
44	-50,05 MLWS	51,25	32	60	497	8	
45	-50,30 MLWS	51,50	32	60	529	8	
46	-50,55 MLWS	51,75	30	72	559	8	
47	-50,80 MLWS	52,00	28	72	587	9	
48	-51,05 MLWS	52,25	26	80	613	10	
49	-51,30 MLWS	52,50	26	80	639	10	
50	-51,55 MLWS	52,75	26	80	665	10	
51	-51,80 MLWS	53,00	26	90	691	9,6	
52	-52,05 MLWS	53,25	26	90	717	9,6	
53	-52,30 MLWS	53,50	26	90	743	9,6	
54	-52,55 MLWS	53,75	25	90	768	10,0	
55	-52,80 MLWS	54,00	22	90	790	11,4	
56	-53,05 MLWS	54,25	22	90	812	11,4	
57	-53,30 MLWS	54,50	20	75	832	12,5	
58	-53,55 MLWS	54,75	20	75	852	12,5	
59	-53,80 MLWS	55,00	22	75	874	11,4	
60	-54,05 MLWS	55,25	22	75	896	11,4	
61	-54,30 MLWS	55,50	28	75	924	8,9	
62	-54,55 MLWS	55,75	30	75	954	8,3	
63	-54,80 MLWS	56,00	30	75	984	8,3	
64	-55,05 MLWS	56,25	22	90	1.006	11,4	
65	-55,30 MLWS	56,50	28	90	1.034	8,9	
66	-55,55 MLWS	56,75	24	90	1.058	10,4	
67	-55,80 MLWS	57,00	24	90	1.082	10,4	
68	-56,05 MLWS	57,25	22	90	1.104	11,4	
69	-56,30 MLWS	57,50	22	90	1.126	11,4	
70	-56,55 MLWS	57,75	24	90	1.150	10,4	
71	-56,80 MLWS	58,00	24	90	1.174	10,4	
72	-57,05 MLWS	58,25	24	90	1.198	10,4	
73	-57,30 MLWS	58,50	22	90	1.220	11,4	
74	-57,55 MLWS	58,75	20	95	1.240	12,5	
75	-57,80 MLWS	59,00	22	95	1.262	11,4	
76	-58,05 MLWS	59,25	24	95	1.286	10,4	
77	-58,30 MLWS	59,50	24	95	1.310	10,4	
78	-58,55 MLWS	59,75	24	95	1.334	10,4	
79	-58,80 MLWS	60,00	26	95	1.360	9,6	
80	-59,05 MLWS	60,25	26	95	1.386	9,6	
81	-59,30 MLWS	60,50	28	95	1.414	8,9	
82	-59,55 MLWS	60,75	26	95	1.440	9,6	
83	-59,80 MLWS	61,00	26	95	1.466	9,6	
84	-60,05 MLWS	61,25	24	90	1.490	10,4	
85	-60,30 MLWS	61,50	22	90	1.512	11,4	
86	-60,55 MLWS	61,75	22	90	1.534	11,4	
87	-60,80 MLWS	62,00	22	90	1.556	11,4	
88	-61,05 MLWS	62,25	22	90	1.578	11,4	
89	-61,30 MLWS	62,50	20	90	1.598	12,5	
90	-61,55 MLWS	62,75	20	90	1.618	12,5	
91	-61,80 MLWS	63,00	20	90	1.638	12,5	
92	-62,05 MLWS	63,25	16	90	1.654	15,6	
93	-62,30 MLWS	63,50	16	90	1.670	15,6	
94	-62,55 MLWS	63,75	18	90	1.688	13,9	
95	-62,80 MLWS	64,00	18	90	1.706	13,9	
96	-63,05 MLWS	64,25	18	90	1.724	13,9	
97	-63,30 MLWS	64,50	20	90	1.744	12,5	
98	-63,55 MLWS	64,75	22	80	1.766	11,4	
99	-63,80 MLWS	65,00	24	80	1.790	10,4	
100	-64,05 MLWS	65,25	24	80	1.814	10,4	
101	-64,30 MLWS	65,50	26	80	1.840	9,6	
102	-64,55 MLWS	65,75	26	80	1.866	9,6	
103	-64,80 MLWS	66,00	26	85	1.892	9,6	
104	-65,05 MLWS	66,25	28	85	1.920	8,9	
105	-65,30 MLWS	66,50	32	85	1.952	7,8	
106	-65,55 MLWS	66,75	30	90	1.982	8,3	
107	-65,80 MLWS	67,00	28	90	2.010	8,9	
108	-66,05 MLWS	67,25	28	100	2.038	8,9	
109	-66,30 MLWS	67,50	28	100	2.066	8,9	
110	-66,55 MLWS	67,75	28	110	2.094	8,9	
111	-66,80 MLWS	68,00	30	110	2.124	8,3	
112	-67,05 MLWS	68,25	30	110	2.154	8,3	
113	-67,30 MLWS	68,50	28	110	2.182	8,9	
114	-67,55 MLWS	68,75	28	110	2.210	8,9	
115	-67,80 MLWS	69,00	30	110	2.240	8,3	
116	-68,05 MLWS	69,25	30	110	2.270	8,3	
117	-68,30 MLWS	69,50	78	110	2.348	3,2	
118	-68,55 MLWS	69,75	78	120	2.426	3,2	
119	-68,80 MLWS	70,00	56	140	2.482	4,5	
120	-69,05 MLWS	70,25	69	150	2.551	3,6	
121	-69,30 MLWS	70,50	40	180	2.591	6,3	
122	-69,55 MLWS	70,75	35	200	2.626	7,1	
123	-69,80 MLWS	71,00	35	210	2.661	7,1	
124	-70,05 MLWS	71,25	35	210	2.696	7,1	
125	-70,30 MLWS	71,50	35	210	2.731	7,1	
126	-70,55 MLWS	71,75	35	210	2.766	7,1	
127	-70,80 MLWS	72,00	32	210	2.798	7,8	
128	-71,05 MLWS	72,25	32	220	2.830	7,8	
129	-71,30 MLWS	72,50	32	220	2.862	7,8	
130	-71,55 MLWS	72,75	30	220	2.892	8,3	
131	-71,80 MLWS	73,00	30	220	2.922	8,3	
132	-72,05 MLWS	73,25	30	220	2.952	8,3	
133	-72,30 MLWS	73,50	28	220	2.980	8,9	
134	-72,55 MLWS	73,75	28	220	3.008	8,9	
135	-72,80 MLWS	74,00	27	220	3.035	9,3	
