N°	Toe Level	Graduation	Blow_Count	Energy(kJ)	Cumulative_blow_Count	Penetration_per_blow(mm/blow)	comments
1	-32,37 MLWS	33,75					
2	-32,62 MLWS	34,00	9	36	9	28	
3	-32,87 MLWS	34,25	4	36	13	63	
4	-33,12 MLWS	34,50	4	36	17	63	
5	-33,37 MLWS	34,75	4	36	21	63	
6	-33,62 MLWS	35,00	4	36	25	63	
7	-33,87 MLWS	35,25	4	36	29	63	
8	-34,12 MLWS	35,50	4	36	33	63	
9	-34,37 MLWS	35,75	4	36	37	63	
10	-34,62 MLWS	36,00	4	36	41	63	
11	-34,87 MLWS	36,25	4	36	45	63	
12	-35,12 MLWS	36,50	4	36	49	63	
13	-35,37 MLWS	36,75	4	36	53	63	
14	-35,62 MLWS	37,00	4	36	57	63	
15	-35,87 MLWS	37,25	3	36	60	83	
16	-36,12 MLWS	37,50	3	36	63	83	
17	-36,37 MLWS	37,75	3	36	66	83	
18	-36,62 MLWS	38,00	3	36	69	83	
19	-36,87 MLWS	38,25	3	36	72	83	
20	-37,12 MLWS	38,50	3	36	75	83	
21	-37,37 MLWS	38,75	3	36	78	83	
22	-37,62 MLWS	39,00	3	36	81	83	
23	-37,87 MLWS	39,25	2	36	83	125	
24	-38,12 MLWS	39,50	3	36	86	83	
25	-38,37 MLWS	39,75	3	36	89	83	
26	-38,62 MLWS	40,00	4	36	93	63	
27	-38,87 MLWS	40,25	4	36	97	63	
28	-39,12 MLWS	40,50	4	36	101	63	
29	-39,37 MLWS	40,75	36				
30	-39,62 MLWS	41,00	36				
31	-39,87 MLWS	41,25	36				
32	-40,12 MLWS	41,50	36				
33	-40,37 MLWS	41,75	36				
34	-40,62 MLWS	42,00	36				
35	-40,87 MLWS	42,25	10	36	111	25	
36	-41,12 MLWS	42,50	9	36	120	28	
37	-41,37 MLWS	42,75	9	36	129	28	
38	-41,62 MLWS	43,00	9	36	138	28	
39	-41,87 MLWS	43,25	9	36	147	28	
40	-42,12 MLWS	43,50	8	36	155	31	
41	-42,37 MLWS	43,75	9	36	164	28	
42	-42,62 MLWS	44,00	8	36	172	31	
43	-42,87 MLWS	44,25	9	36	181	28	
44	-43,12 MLWS	44,50	9	36	190	28	
45	-43,37 MLWS	44,75	9	36	199	28	
46	-43,62 MLWS	45,00	9	36	208	28	
47	-43,87 MLWS	45,25	9	36	217	28	
48	-44,12 MLWS	45,50	9	36	226	28	
49	-44,37 MLWS	45,75	9	36	235	28	
50	-44,62 MLWS	46,00	10	36	245	25	
51	-44,87 MLWS	46,25	10	36	255	25,0	
52	-45,12 MLWS	46,50	11	36	266	22,7	
53	-45,37 MLWS	46,75	11	36	277	22,7	
54	-45,62 MLWS	47,00	11	36	288	22,7	
55	-45,87 MLWS	47,25	11	36	299	22,7	
56	-46,12 MLWS	47,50	11	36	310	22,7	
57	-46,37 MLWS	47,75	13	36	323	19,2	
58	-46,62 MLWS	48,00	13	36	336	19,2	
59	-46,87 MLWS	48,25	12	36	348	20,8	
60	-47,12 MLWS	48,50	19	36	367	13,2	
61	-47,37 MLWS	48,75	24	36	391	10,4	
62	-47,62 MLWS	49,00	24	36	415	10,4	
63	-47,87 MLWS	49,25	29	36	444	8,6	
64	-48,12 MLWS	49,50	32	36	476	7,8	
65	-48,37 MLWS	49,75	29	36	505	8,6	
66	-48,62 MLWS	50,00	25	51	530	10,0	
67	-48,87 MLWS	50,25	29	51	559	8,6	
68	-49,12 MLWS	50,50	35	51	594	7,1	
69	-49,37 MLWS	50,75	35	51	629	7,1	
70	-49,62 MLWS	51,00	34	54	663	7,4	
71	-49,87 MLWS	51,25	38	54	701	6,6	
72	-50,12 MLWS	51,50	35	71	736	7,1	
73	-50,37 MLWS	51,75	32	71	768	7,8	
74	-50,62 MLWS	52,00	32	71	800	7,8	
75	-50,87 MLWS	52,25	36	80	836	6,9	
76	-51,12 MLWS	52,50	29	80	865	8,6	
77	-51,37 MLWS	52,75	29	80	894	8,6	
78	-51,62 MLWS	53,00	31	100	925	8,1	
79	-51,87 MLWS	53,25	29	100	954	8,6	
80	-52,12 MLWS	53,50	28	100	982	8,9	
81	-52,37 MLWS	53,75	28	100	1.010	8,9	
82	-52,62 MLWS	54,00	28	100	1.038	8,9	
83	-52,87 MLWS	54,25	26	100	1.064	9,6	
84	-53,12 MLWS	54,50	26	100	1.090	9,6	
85	-53,37 MLWS	54,75	26	100	1.116	9,6	
86	-53,62 MLWS	55,00	26	100	1.142	9,6	
87	-53,87 MLWS	55,25	29	100	1.171	8,6	
88	-54,12 MLWS	55,50	29	100	1.200	8,6	
89	-54,37 MLWS	55,75	29	100	1.229	8,6	
90	-54,62 MLWS	56,00	28	110	1.257	8,9	
91	-54,87 MLWS	56,25	29	110	1.286	8,6	
92	-55,12 MLWS	56,50	28	120	1.314	8,9	
93	-55,37 MLWS	56,75	28	120	1.342	8,9	
94	-55,62 MLWS	57,00	28	120	1.370	8,9	
95	-55,87 MLWS	57,25	28	120	1.398	8,9	
96	-56,12 MLWS	57,50	28	120	1.426	8,9	
97	-56,37 MLWS	57,75	26	120	1.452	9,6	
98	-56,62 MLWS	58,00	25	120	1.477	10,0	
99	-56,87 MLWS	58,25	25	120	1.502	10,0	
100	-57,12 MLWS	58,50	26	120	1.528	9,6	
101	-57,37 MLWS	58,75	26	120	1.554	9,6	
102	-57,62 MLWS	59,00	26	120	1.580	9,6	
103	-57,87 MLWS	59,25	26	120	1.606	9,6	
104	-58,12 MLWS	59,50	26	120	1.632	9,6	
105	-58,37 MLWS	59,75	26	120	1.658	9,6	
106	-58,62 MLWS	60,00	24	120	1.682	10,4	
107	-58,87 MLWS	60,25	26	120	1.708	9,6	
108	-59,12 MLWS	60,50	24	120	1.732	10,4	
109	-59,37 MLWS	60,75	34	100	1.766	7,4	
110	-59,62 MLWS	61,00	29	100	1.795	8,6	
111	-59,87 MLWS	61,25	26	100	1.821	9,6	
112	-60,12 MLWS	61,50	26	100	1.847	9,6	
113	-60,37 MLWS	61,75	26	100	1.873	9,6	
114	-60,62 MLWS	62,00	26	100	1.899	9,6	
115	-60,87 MLWS	62,25	25	100	1.924	10,0	
116	-61,12 MLWS	62,50	23	100	1.947	10,9	
117	-61,37 MLWS	62,75	20	100	1.967	12,5	
118	-61,62 MLWS	63,00	20	100	1.987	12,5	
119	-61,87 MLWS	63,25	24	105	2.011	10,4	
120	-62,12 MLWS	63,50	22	105	2.033	11,4	
121	-62,37 MLWS	63,75	22	100	2.055	11,4	
122	-62,62 MLWS	64,00	24	100	2.079	10,4	
123	-62,87 MLWS	64,25	24	100	2.103	10,4	
124	-63,12 MLWS	64,50	24	100	2.127	10,4	
125	-63,37 MLWS	64,75	32	100	2.159	7,8	
126	-63,62 MLWS	65,00	30	100	2.189	8,3	
127	-63,87 MLWS	65,25	25	100	2.214	10,0	
128	-64,12 MLWS	65,50	28	100	2.242	8,9	
129	-64,37 MLWS	65,75	29	100	2.271	8,6	
130	-64,62 MLWS	66,00	30	100	2.301	8,3	
131	-64,87 MLWS	66,25	32	105	2.333	7,8	
132	-65,12 MLWS	66,50	32	110	2.365	7,8	
133	-65,37 MLWS	66,75	32	110	2.397	7,8	
134	-65,62 MLWS	67,00	32	115	2.429	7,8	
135	-65,87 MLWS	67,25	28	120	2.457	8,9	
136	-66,12 MLWS	67,50	28	120	2.485	8,9	
137	-66,37 MLWS	67,75	28	130	2.513	8,9	
138	-66,62 MLWS	68,00	29	130	2.542	8,6	
139	-66,87 MLWS	68,25	28	135	2.570	8,9	
140	-67,12 MLWS	68,50	29	140	2.599	8,6	
141	-67,37 MLWS	68,75	29	140	2.628	8,6	
142	-67,62 MLWS	69,00	28	140	2.656	8,9	
143	-67,87 MLWS	69,25	26	145	2.682	9,6	
144	-68,12 MLWS	69,50	28	150	2.710	8,9	
145	-68,37 MLWS	69,75	31	150	2.741	8,1	
146	-68,62 MLWS	70,00	32	150	2.773	7,8	
147	-68,87 MLWS	70,25	31	150	2.804	8,1	
148	-69,12 MLWS	70,50	30	150	2.834	8,3	
149	-69,37 MLWS	70,75	33	160	2.867	7,6	
150	-69,62 MLWS	71,00	33	165	2.900	7,6	
151	-69,87 MLWS	71,25	33	170	2.933	7,6	
152	-70,12 MLWS	71,50	30	180	2.963	8,3	
153	-70,37 MLWS	71,75	34	190	2.997	7,4	
154	-70,62 MLWS	72,00	31	200	3.028	8,1	
155	-70,87 MLWS	72,25	29	200	3.057	8,6	
156	-71,12 MLWS	72,50	30	200	3.087	8,3	
157	-71,37 MLWS	72,75	32	210	3.119	7,8	
158	-71,62 MLWS	73,00	30	220	3.149	8,3	
159	-71,87 MLWS	73,25	29	220	3.178	8,6	
160	-72,12 MLWS	73,50	29	220	3.207	8,6	
161	-72,37 MLWS	73,75	29	220	3.236	8,6	
162	-72,62 MLWS	74,00	29	220	3.265	8,6	
163	-72,87 MLWS	74,25	30	220	3.295	8,3	
164	-73,12 MLWS	74,50	31	220	3.326	8,1	
165	-73,37 MLWS	74,75	33	220	3.359	7,6	
166	-73,62 MLWS	75,00	33	220	3.392	7,6	
167	-73,87 MLWS	75,25	31	220	3.423	8,1	
168	-74,12 MLWS	75,50	31	220	3.454	8,1	
169	-74,37 MLWS	75,75	31	230	3.485	8,1	
170	-74,62 MLWS	76,00	35	230	3.520	7,1	
171	-74,87 MLWS	76,25	35	230	3.555	7,1	
172	-75,12 MLWS	76,50	35	230	3.590	7,1	
173	-75,37 MLWS	76,75	35	230	3.625	7,1	
174	-75,62 MLWS	77,00	40	230	3.665	6,3	
175	-75,87 MLWS	77,25	42	230	3.707	6,0	
176	-76,12 MLWS	77,50	42	220	3.749	6,0	
177	-76,37 MLWS	77,75	45	220	3.794	5,6	
178	-76,62 MLWS	78,00	40	220	3.834	6,3	
179	-76,87 MLWS	78,25	40	220	3.874	6,3	
180	-77,12 MLWS	78,50	42	220	3.916	6,0	
181	-77,37 MLWS	78,75	44	220	3.960	5,7	
182	-77,62 MLWS	79,00	43	220	4.003	5,8	
183	-77,87 MLWS	79,25	41	220	4.044	6,1	
184	-78,12 MLWS	79,50	42	220	4.086	6,0	
185	-78,37 MLWS	79,75	44	220	4.130	5,7	
186	-78,62 MLWS	80,00	46	235	4.176	5,4	
187	-78,87 MLWS	80,25	50	235	4.226	5,0	
188	-79,12 MLWS	80,50	60	235	4.286	4,2	
189	-79,37 MLWS	80,75	55	235	4.341	4,5	
190	-79,62 MLWS	81,00	114	240	4.455	2,2	
191	-79,87 MLWS	81,25	70	250	4.525	3,6	
192	-80,12 MLWS	81,50	134	230	4.659	1,9	
193	-80,37 MLWS	81,75	110	230	4.769	2,3	
194	-80,62 MLWS	82,00	110	230	4.879	2,3	
195	-80,87 MLWS	82,25	102	230	4.981	2,5	
196	-81,12 MLWS	82,50	100	230	5.081	2,5	
197	-81,37 MLWS	82,75	110	230	5.191	2,3	
198	-81,62 MLWS	83,00	112	230	5.303	2,2	
199	-81,87 MLWS	83,25	109	230	5.412	2,3	
200	-82,12 MLWS	83,50	130	230	5.542	1,9	
201	-82,37 MLWS	83,75	110	230	5.652	2,3	
202	-82,62 MLWS	84,00	110	230	5.762	2,3	
203	-82,87 MLWS	84,25	112	230	5.874	2,2	
204	-83,12 MLWS	84,50	112	230	5.986	2,2	
205	-83,37 MLWS	84,75	110	230	6.096	2,3	
206	-83,62 MLWS	85,00	115	230	6.211	2,2	
207	-83,87 MLWS	85,25	115	230	6.326	2,2	
208	-84,12 MLWS	85,50	130	245	6.456	1,9	
209	-84,37 MLWS	85,75	140	245	6.596	1,8	
210	-84,62 MLWS	86,00	145	245	6.741	1,7	
211	-84,87 MLWS	86,25	150	240	6.891	1,7	
