N°	Toe Level	Graduation	Blow_Count	Energy(kJ)	Cumulative_blow_Count	Penetration_per_blow(mm/blow)	comments
1	-38,62 MLWS	39,75					
2	-38,87 MLWS	40,00	3	36	3	83	
3	-39,12 MLWS	40,25	3	36	6	83	
4	-39,37 MLWS	40,50	3	36	9	83	
5	-39,62 MLWS	40,75	3	36	12	83	
6	-39,87 MLWS	41,00	4	36	16	63	
7	-40,12 MLWS	41,25	4	36	20	63	
8	-40,37 MLWS	41,50	5	36	25	50	
9	-40,62 MLWS	41,75	5	36	30	50	
10	-40,87 MLWS	42,00	5	36	35	50	
11	-41,12 MLWS	42,25	5	36	40	50	
12	-41,37 MLWS	42,50	5	36	45	50	
13	-41,62 MLWS	42,75	5	36	50	50	
14	-41,87 MLWS	43,00	5	36	55	50	
15	-42,12 MLWS	43,25	5	36	60	50	
16	-42,37 MLWS	43,50	5	36	65	50	
17	-42,62 MLWS	43,75	7	36	72	36	
18	-42,87 MLWS	44,00	7	36	79	36	
19	-43,12 MLWS	44,25	6	36	85	42	
20	-43,37 MLWS	44,50	6	36	91	42	
21	-43,62 MLWS	44,75	6	36	97	42	
22	-43,87 MLWS	45,00	6	36	103	42	
23	-44,12 MLWS	45,25	7	36	110	36	
24	-44,37 MLWS	45,50	7	36	117	36	
25	-44,62 MLWS	45,75	7	36	124	36	
26	-44,87 MLWS	46,00	9	36	133	28	
27	-45,12 MLWS	46,25	8	36	141	31	
28	-45,37 MLWS	46,50	8	36	149	31	
29	-45,62 MLWS	46,75	8	36	157	31	
30	-45,87 MLWS	47,00	10	36	167	25	
31	-46,12 MLWS	47,25	10	36	177	25	
32	-46,37 MLWS	47,50	10	36	187	25	
33	-46,62 MLWS	47,75	10	36	197	25	
34	-46,87 MLWS	48,00	12	36	209	21	
35	-47,12 MLWS	48,25	13	36	222	19	
36	-47,37 MLWS	48,50	14	36	236	18	
37	-47,62 MLWS	48,75	16	36	252	16	
38	-47,87 MLWS	49,00	16	36	268	16	
39	-48,12 MLWS	49,25	16	36	284	16	
40	-48,37 MLWS	49,50	16	36	300	16	
41	-48,62 MLWS	49,75	16	36	316	16	
42	-48,87 MLWS	50,00	16	36	332	16	
43	-49,12 MLWS	50,25	17	36	349	15	
44	-49,37 MLWS	50,50	18	36	367	14	
45	-49,62 MLWS	50,75	18	36	385	14	
46	-49,87 MLWS	51,00	18	36	403	14	
47	-50,12 MLWS	51,25	18	36	421	14	
48	-50,37 MLWS	51,50	18	36	439	14	
49	-50,62 MLWS	51,75	20	36	459	13	
50	-50,87 MLWS	52,00	19	36	478	13	
51	-51,12 MLWS	52,25	21	36	499	11,9	
52	-51,37 MLWS	52,50	21	36	520	11,9	
53	-51,62 MLWS	52,75	21	36	541	11,9	
54	-51,87 MLWS	53,00	21	36	562	11,9	
55	-52,12 MLWS	53,25	24	40	586	10,4	
56	-52,37 MLWS	53,50	26	40	612	9,6	
57	-52,62 MLWS	53,75	26	40	638	9,6	
58	-52,87 MLWS	54,00	27	40	665	9,3	
59	-53,12 MLWS	54,25	29	40	694	8,6	
60	-53,37 MLWS	54,50	26	45	720	9,6	
61	-53,62 MLWS	54,75	26	49	746	9,6	
62	-53,87 MLWS	55,00	24	49	770	10,4	
63	-54,12 MLWS	55,25	28	49	798	8,9	
64	-54,37 MLWS	55,50	26	49	824	9,6	
65	-54,62 MLWS	55,75	26	49	850	9,6	
66	-54,87 MLWS	56,00	26	49	876	9,6	
67	-55,12 MLWS	56,25	23	49	899	10,9	
68	-55,37 MLWS	56,50	29	49	928	8,6	
69	-55,62 MLWS	56,75	29	49	957	8,6	
70	-55,87 MLWS	57,00	29	49	986	8,6	
71	-56,12 MLWS	57,25	28	58	1.014	8,9	
72	-56,37 MLWS	57,50	29	61	1.043	8,6	
73	-56,62 MLWS	57,75	29	64	1.072	8,6	
74	-56,87 MLWS	58,00	29	66	1.101	8,6	
75	-57,12 MLWS	58,25	28	66	1.129	8,9	
76	-57,37 MLWS	58,50	28	70	1.157	8,9	
77	-57,62 MLWS	58,75	32	70	1.189	7,8	
78	-57,87 MLWS	59,00	32	72	1.221	7,8	
79	-58,12 MLWS	59,25	28	72	1.249	8,9	
80	-58,37 MLWS	59,50	29	80	1.278	8,6	
81	-58,62 MLWS	59,75	29	90	1.307	8,6	
82	-58,87 MLWS	60,00	29	100	1.336	8,6	
83	-59,12 MLWS	60,25	28	100	1.364	8,9	
84	-59,37 MLWS	60,50	28	100	1.392	8,9	
85	-59,62 MLWS	60,75	28	110	1.420	8,9	
86	-59,87 MLWS	61,00	25	120	1.445	10,0	
87	-60,12 MLWS	61,25	27	120	1.472	9,3	
88	-60,37 MLWS	61,50	27	120	1.499	9,3	
89	-60,62 MLWS	61,75	27	120	1.526	9,3	
90	-60,87 MLWS	62,00	27	125	1.553	9,3	
91	-61,12 MLWS	62,25	27	125	1.580	9,3	
92	-61,37 MLWS	62,50	27	130	1.607	9,3	
93	-61,62 MLWS	62,75	27	130	1.634	9,3	
94	-61,87 MLWS	63,00	27	135	1.661	9,3	
95	-62,12 MLWS	63,25	25	145	1.686	10,0	
96	-62,37 MLWS	63,50	25	145	1.711	10,0	
97	-62,62 MLWS	63,75	25	145	1.736	10,0	
98	-62,87 MLWS	64,00	25	145	1.761	10,0	
99	-63,12 MLWS	64,25	27	145	1.788	9,3	
100	-63,37 MLWS	64,5	27	145	1.815	9,3	
101	-63,62 MLWS	64,75	32	145	1.847	7,8	
102	-63,87 MLWS	65,00	30	160	1.877	8,3	
103	-64,12 MLWS	65,25	27	170	1.904	9,3	
104	-64,37 MLWS	65,50	28	170	1.932	8,9	
105	-64,62 MLWS	65,75	32	180	1.964	7,8	
106	-64,87 MLWS	66,00	29	190	1.993	8,6	
107	-65,12 MLWS	66,25	31	200	2.024	8,1	
108	-65,37 MLWS	66,50	31	210	2.055	8,1	
109	-65,62 MLWS	66,75	31	220	2.086	8,1	
110	-65,87 MLWS	67,00	30	230	2.116	8,3	
111	-66,12 MLWS	67,25	27	235	2.143	9,3	
112	-66,37 MLWS	67,50	26	245	2.169	9,6	
113	-66,62 MLWS	67,75	26	245	2.195	9,6	
114	-66,87 MLWS	68,00	26	250	2.221	9,6	
115	-67,12 MLWS	68,25	26	250	2.247	9,6	
116	-67,37 MLWS	68,50	27	240	2.274	9,3	
117	-67,62 MLWS	68,75	27	240	2.301	9,3	
118	-67,87 MLWS	69,00	27	240	2.328	9,3	
119	-68,12 MLWS	69,25	27	240	2.355	9,3	
120	-68,37 MLWS	69,50	24	240	2.379	10,4	
121	-68,62 MLWS	69,75	23	240	2.402	10,9	
122	-68,87 MLWS	70,00	23	240	2.425	10,9	
123	-69,12 MLWS	70,25	24	240	2.449	10,4	
124	-69,37 MLWS	70,50	25	245	2.474	10,0	
125	-69,62 MLWS	70,75	25	245	2.499	10,0	
126	-69,87 MLWS	71,00	25	230	2.524	10,0	
127	-70,12 MLWS	71,25	23	220	2.547	10,9	
128	-70,37 MLWS	71,50	23	210	2.570	10,9	
129	-70,62 MLWS	71,75	25	215	2.595	10,0	
130	-70,87 MLWS	72,00	24	215	2.619	10,4	
131	-71,12 MLWS	72,25	25	205	2.644	10,0	
132	-71,37 MLWS	72,50	25	205	2.669	10,0	
133	-71,62 MLWS	72,75	22	210	2.691	11,4	
134	-71,87 MLWS	73,00	25	215	2.716	10,0	
135	-72,12 MLWS	73,25	29	215	2.745	8,6	
136	-72,37 MLWS	73,50	29	205	2.774	8,6	
137	-72,62 MLWS	73,75	27	205	2.801	9,3	
