N°	Toe Level	Graduation	Blow_Count	Energy(kJ)	Cumulative_blow_Count	Penetration_per_blow(mm/blow)	comments
1	-36,54 MLWS	37,50					
2	-36,79 MLWS	37,75	7	36	7	36	
3	-37,04 MLWS	38,00	7	36	14	36	
4	-37,29 MLWS	38,25	6	36	20	42	
5	-37,54 MLWS	38,50	6	36	26	42	
6	-37,79 MLWS	38,75	6	36	32	42	
7	-38,04 MLWS	39,00	5	36	37	50	
8	-38,29 MLWS	39,25	4	36	41	63	
9	-38,54 MLWS	39,50	4	36	45	63	
10	-38,79 MLWS	39,75	5	36	50	50	
11	-39,04 MLWS	40,00	4	36	54	63	
12	-39,29 MLWS	40,25	5	36	59	50	
13	-39,54 MLWS	40,50	5	36	64	50	
14	-39,79 MLWS	40,75	5	36	69	50	
15	-40,04 MLWS	41,00	5	36	74	50	
16	-40,29 MLWS	41,25	5	36	79	50	
17	-40,54 MLWS	41,50	5	36	84	50	
18	-40,79 MLWS	41,75	5	36	89	50	
19	-41,04 MLWS	42,00	5	36	94	50	
20	-41,29 MLWS	42,25	6	36	100	42	
21	-41,54 MLWS	42,50	6	36	106	42	
22	-41,79 MLWS	42,75	6	36	112	42	
23	-42,04 MLWS	43,00	6	36	118	42	
24	-42,29 MLWS	43,25	8	36	126	31	
25	-42,54 MLWS	43,50	7	36	133	36	
26	-42,79 MLWS	43,75	7	36	140	36	
27	-43,04 MLWS	44,00	7	36	147	36	
28	-43,29 MLWS	44,25	7	36	154	36	
29	-43,54 MLWS	44,50	8	36	162	31	
30	-43,79 MLWS	44,75	8	36	170	31	
31	-44,04 MLWS	45,00	8	36	178	31	
32	-44,29 MLWS	45,25	8	36	186	31	
33	-44,54 MLWS	45,50	8	36	194	31	
34	-44,79 MLWS	45,75	10	36	204	25	
35	-45,04 MLWS	46,00	10	36	214	25	
36	-45,29 MLWS	46,25	9	36	223	28	
37	-45,54 MLWS	46,50	9	36	232	28	
38	-45,79 MLWS	46,75	12	36	244	21	
39	-46,04 MLWS	47,00	11	36	255	23	
40	-46,29 MLWS	47,25	12	36	267	21	
41	-46,54 MLWS	47,50	12	36	279	21	
42	-46,79 MLWS	47,75	13	36	292	19	
43	-47,04 MLWS	48,00	14	36	306	18	
44	-47,29 MLWS	48,25	14	36	320	18	
45	-47,54 MLWS	48,50	14	36	334	18	
46	-47,79 MLWS	48,75	14	36	348	18	
47	-48,04 MLWS	49,00	15	36	363	17	
48	-48,29 MLWS	49,25	15	36	378	17	
49	-48,54 MLWS	49,50	16	36	394	16	
50	-48,79 MLWS	49,75	18	36	412	14	
51	-49,04 MLWS	50,00	18	36	430	13,9	
52	-49,29 MLWS	50,25	19	36	449	13,2	
53	-49,54 MLWS	50,50	18	36	467	13,9	
54	-49,79 MLWS	50,75	18	36	485	13,9	
55	-50,04 MLWS	51,00	18	36	503	13,9	
56	-50,29 MLWS	51,25	21	36	524	11,9	
57	-50,54 MLWS	51,50	21	36	545	11,9	
58	-50,79 MLWS	51,75	23	36	568	10,9	
59	-51,04 MLWS	52,00	23	36	591	10,9	
60	-51,29 MLWS	52,25	25	36	616	10,0	
61	-51,54 MLWS	52,50	25	36	641	10,0	
62	-51,79 MLWS	52,75	25	36	666	10,0	
63	-52,04 MLWS	53,00	30	40	696	8,3	
64	-52,29 MLWS	53,25	30	40	726	8,3	
65	-52,54 MLWS	53,50	29	44	755	8,6	
66	-52,79 MLWS	53,75	26	50	781	9,6	
67	-53,04 MLWS	54,00	26	50	807	9,6	
68	-53,29 MLWS	54,25	25	50	832	10,0	
69	-53,54 MLWS	54,50	27	50	859	9,3	
70	-53,79 MLWS	54,75	27	50	886	9,3	
71	-54,04 MLWS	55,00	27	50	913	9,3	
72	-54,29 MLWS	55,25	27	50	940	9,3	
73	-54,54 MLWS	55,50	27	59	967	9,3	
74	-54,79 MLWS	55,75	27	59	994	9,3	
75	-55,04 MLWS	56,00	27	60	1.021	9,3	
76	-55,29 MLWS	56,25	29	60	1.050	8,6	
77	-55,54 MLWS	56,50	28	60	1.078	8,9	
78	-55,79 MLWS	56,75	30	60	1.108	8,3	
79	-56,04 MLWS	57,00	27	67	1.135	9,3	
80	-56,29 MLWS	57,25	30	67	1.165	8,3	
81	-56,54 MLWS	57,50	31	71	1.196	8,1	
82	-56,79 MLWS	57,75	27	71	1.223	9,3	
83	-57,04 MLWS	58,00	30	72	1.253	8,3	
84	-57,29 MLWS	58,25	30	72	1.283	8,3	
85	-57,54 MLWS	58,50	27	95	1.310	9,3	
86	-57,79 MLWS	58,75	26	95	1.336	9,6	
87	-58,04 MLWS	59,00	26	95	1.362	9,6	
88	-58,29 MLWS	59,25	29	95	1.391	8,6	
89	-58,54 MLWS	59,50	26	100	1.417	9,6	
90	-58,79 MLWS	59,75	26	100	1.443	9,6	
91	-59,04 MLWS	60,00	26	100	1.469	9,6	
92	-59,29 MLWS	60,25	27	100	1.496	9,3	
93	-59,54 MLWS	60,50	26	100	1.522	9,6	
94	-59,79 MLWS	60,75	28	105	1.550	8,9	
95	-60,04 MLWS	61,00	28	115	1.578	8,9	
96	-60,29 MLWS	61,25	28	115	1.606	8,9	
97	-60,54 MLWS	61,50	28	125	1.634	8,9	
98	-60,79 MLWS	61,75	26	140	1.660	9,6	
99	-61,04 MLWS	62,00	26	135	1.686	9,6	
100	-61,29 MLWS	62,25	25	120	1.711	10,0	
101	-61,54 MLWS	62,50	26	120	1.737	9,6	
102	-61,79 MLWS	62,75	26	120	1.763	9,6	
103	-62,04 MLWS	63,00	26	130	1.789	9,6	
104	-62,29 MLWS	63,25	28	130	1.817	8,9	
105	-62,54 MLWS	63,50	28	130	1.845	8,9	
106	-62,79 MLWS	63,75	30	135	1.875	8,3	
107	-63,04 MLWS	64,00	30	145	1.905	8,3	
108	-63,29 MLWS	64,25	30	150	1.935	8,3	
109	-63,54 MLWS	64,50	30	150	1.965	8,3	
110	-63,79 MLWS	64,75	33	155	1.998	7,6	
111	-64,04 MLWS	65,00	30	160	2.028	8,3	
112	-64,29 MLWS	65,25	27	170	2.055	9,3	
113	-64,54 MLWS	65,50	29	170	2.084	8,6	
114	-64,79 MLWS	65,75	25	180	2.109	10,0	
115	-65,04 MLWS	66,00	26	190	2.135	9,6	
116	-65,29 MLWS	66,25	26	195	2.161	9,6	
117	-65,54 MLWS	66,50	28	205	2.189	8,9	
118	-65,79 MLWS	66,75	29	210	2.218	8,6	
119	-66,04 MLWS	67,00	28	210	2.246	8,9	
120	-66,29 MLWS	67,25	28	210	2.274	8,9	
121	-66,54 MLWS	67,50	28	215	2.302	8,9	
122	-66,79 MLWS	67,75	26	225	2.328	9,6	
123	-67,04 MLWS	68,00	28	230	2.356	8,9	
124	-67,29 MLWS	68,25	27	240	2.383	9,3	
125	-67,54 MLWS	68,50	27	250	2.410	9,3	
126	-67,79 MLWS	68,75	27	250	2.437	9,3	
127	-68,04 MLWS	69,00	22	240	2.459	11,4	
128	-68,29 MLWS	69,25	26	220	2.485	9,6	
129	-68,54 MLWS	69,50	25	225	2.510	10,0	
130	-68,79 MLWS	69,75	26	225	2.536	9,6	
131	-69,04 MLWS	70,00	26	225	2.562	9,6	
132	-69,29 MLWS	70,25	27	210	2.589	9,3	
133	-69,54 MLWS	70,50	24	200	2.613	10,4	
134	-69,79 MLWS	70,75	25	200	2.638	10,0	
135	-70,04 MLWS	71,00	25	200	2.663	10,0	
136	-70,29 MLWS	71,25	24	200	2.687	10,4	
137	-70,54 MLWS	71,50	24	200	2.711	10,4	
138	-70,79 MLWS	71,75	24	200	2.735	10,4	
139	-71,04 MLWS	72,00	22	190	2.757	11,4	
140	-71,29 MLWS	72,25	23	180	2.780	10,9	
141	-71,54 MLWS	72,50	24	185	2.804	10,4	
142	-71,79 MLWS	72,75	25	185	2.829	10,0	
143	-72,04 MLWS	73,00	25	180	2.854	10,0	
144	-72,29 MLWS	73,25	28	180	2.882	8,9	
145	-72,54 MLWS	73,50	28	180	2.910	8,9	
146	-72,79 MLWS	73,75	26	180	2.936	9,6	
147	-73,04 MLWS	74,00	25	185	2.961	10,0	
148	-73,29 MLWS	74,25	27	180	2.988	9,3	
149	-73,54 MLWS	74,50	27	180	3.015	9,3	
