N°	Toe Level	Graduation	Blow_Count	Energy(kJ)	Cumulative_blow_Count	Penetration_per_blow(mm/blow)	comments
1	-37,33 MLWS	38,50					
2	-37,58 MLWS	38,75	12	36	12	21	
3	-37,83 MLWS	39,00	14	36	26	18	
4	-38,08 MLWS	39,25	12	36	38	21	
5	-38,33 MLWS	39,50	10	36	48	25	
6	-38,58 MLWS	39,75	10	36	58	25	
7	-38,83 MLWS	40,00	10	36	68	25	
8	-39,08 MLWS	40,25	10	36	78	25	
9	-39,33 MLWS	40,50	10	36	88	25	
10	-39,58 MLWS	40,75	10	36	98	25	
11	-39,83 MLWS	41,00	10	36	108	25	
12	-40,08 MLWS	41,25	10	36	118	25	
13	-40,33 MLWS	41,50	10	36	128	25	
14	-40,58 MLWS	41,75	10	36	138	25	
15	-40,83 MLWS	42,00	8	36	146	31	
16	-41,08 MLWS	42,25	8	36	154	31	
17	-41,33 MLWS	42,50	8	36	162	31	
18	-41,58 MLWS	42,75	10	36	172	25	
19	-41,83 MLWS	43,00	10	36	182	25	
20	-42,08 MLWS	43,25	10	36	192	25	
21	-42,33 MLWS	43,50	10	36	202	25	
22	-42,58 MLWS	43,75	10	36	212	25	
23	-42,83 MLWS	44,00	10	36	222	25	
24	-43,08 MLWS	44,25	12	36	234	21	
25	-43,33 MLWS	44,50	10	36	244	25	
26	-43,58 MLWS	44,75	12	36	256	21	
27	-43,83 MLWS	45,00	12	36	268	21	
28	-44,08 MLWS	45,25	14	36	282	18	
29	-44,33 MLWS	45,50	14	36	296	18	
30	-44,58 MLWS	45,75	12	36	308	21	
31	-44,83 MLWS	46,00	14	36	322	18	
32	-45,08 MLWS	46,25	14	36	336	18	
33	-45,33 MLWS	46,50	14	36	350	18	
34	-45,58 MLWS	46,75	14	36	364	18	
35	-45,83 MLWS	47,00	16	36	380	16	
36	-46,08 MLWS	47,25	16	36	396	16	
37	-46,33 MLWS	47,50	18	36	414	14	
38	-46,58 MLWS	47,75	18	36	432	14	
39	-46,83 MLWS	48,00	18	36	450	14	
40	-47,08 MLWS	48,25	20	36	470	13	
41	-47,33 MLWS	48,50	22	36	492	11	
42	-47,58 MLWS	48,75	22	36	514	11	
43	-47,83 MLWS	49,00	24	36	538	10	
44	-48,08 MLWS	49,25	22	36	560	11	
45	-48,33 MLWS	49,50	22	36	582	11	
46	-48,58 MLWS	49,75	22	36	604	11	
47	-48,83 MLWS	50,00	24	36	628	10	
48	-49,08 MLWS	50,25	24	36	652	10	
49	-49,33 MLWS	50,50	26	36	678	10	
50	-49,58 MLWS	50,75	24	36	702	10	
51	-49,83 MLWS	51,00	24	36	726	10,4	
52	-50,08 MLWS	51,25	26	36	752	9,6	
53	-50,33 MLWS	51,50	26	36	778	9,6	
54	-50,58 MLWS	51,75	26	36	804	9,6	
55	-50,83 MLWS	52,00	26	36	830	9,6	
56	-51,08 MLWS	52,25	26	36	856	9,6	
57	-51,33 MLWS	52,50	24	36	880	10,4	
58	-51,58 MLWS	52,75	24	36	904	10,4	
59	-51,83 MLWS	53,00	24	36	928	10,4	
60	-52,08 MLWS	53,25	24	36	952	10,4	
61	-52,33 MLWS	53,50	24	36	976	10,4	
62	-52,58 MLWS	53,75	24	36	1.000	10,4	
63	-52,83 MLWS	54,00	24	36	1.024	10,4	
64	-53,08 MLWS	54,25	26	50	1.050	9,6	
65	-53,33 MLWS	54,50	26	50	1.076	9,6	
66	-53,58 MLWS	54,75	24	50	1.100	10,4	
67	-53,83 MLWS	55,00	24	50	1.124	10,4	
68	-54,08 MLWS	55,25	22	60	1.146	11,4	
69	-54,33 MLWS	55,50	22	60	1.168	11,4	
70	-54,58 MLWS	55,75	22	60	1.190	11,4	
71	-54,83 MLWS	56,00	22	60	1.212	11,4	
72	-55,08 MLWS	56,25	24	60	1.236	10,4	
73	-55,33 MLWS	56,50	24	60	1.260	10,4	
74	-55,58 MLWS	56,75	24	60	1.284	10,4	
75	-55,83 MLWS	57,00	24	60	1.308	10,4	
76	-56,08 MLWS	57,25	24	60	1.332	10,4	
77	-56,33 MLWS	57,50	24	60	1.356	10,4	
78	-56,58 MLWS	57,75	24	60	1.380	10,4	
79	-56,83 MLWS	58,00	26	72	1.406	9,6	
80	-57,08 MLWS	58,25	28	72	1.434	8,9	
81	-57,33 MLWS	58,50	28	72	1.462	8,9	
82	-57,58 MLWS	58,75	26	72	1.488	9,6	
83	-57,83 MLWS	59,00	26	72	1.514	9,6	
84	-58,08 MLWS	59,25	26	90	1.540	9,6	
85	-58,33 MLWS	59,50	26	90	1.566	9,6	
86	-58,58 MLWS	59,75	26	90	1.592	9,6	
87	-58,83 MLWS	60,00	26	90	1.618	9,6	
88	-59,08 MLWS	60,25	26	100	1.644	9,6	
89	-59,33 MLWS	60,50	26	100	1.670	9,6	
90	-59,58 MLWS	60,75	26	100	1.696	9,6	
91	-59,83 MLWS	61,00	24	100	1.720	10,4	
92	-60,08 MLWS	61,25	24	100	1.744	10,4	
93	-60,33 MLWS	61,50	24	100	1.768	10,4	
94	-60,58 MLWS	61,75	24	100	1.792	10,4	
95	-60,83 MLWS	62,00	24	120	1.816	10,4	
96	-61,08 MLWS	62,25	24	120	1.840	10,4	
97	-61,33 MLWS	62,50	26	120	1.866	9,6	
98	-61,58 MLWS	62,75	26	120	1.892	9,6	
99	-61,83 MLWS	63,00	26	120	1.918	9,6	
100	-62,08 MLWS	63,25	26	120	1.944	9,6	
101	-62,33 MLWS	63,50	26	150	1.970	9,6	
102	-62,58 MLWS	63,75	26	150	1.996	9,6	
103	-62,83 MLWS	64,00	26	150	2.022	9,6	
104	-63,08 MLWS	64,25	28	150	2.050	8,9	
105	-63,33 MLWS	64,50	28	150	2.078	8,9	
106	-63,58 MLWS	64,75	28	150	2.106	8,9	
107	-63,83 MLWS	65,00	28	150	2.134	8,9	
108	-64,08 MLWS	65,25	28	150	2.162	8,9	
109	-64,33 MLWS	65,50	28	150	2.190	8,9	
110	-64,58 MLWS	65,75	26	150	2.216	9,6	
111	-64,83 MLWS	66,00	26	150	2.242	9,6	
112	-65,08 MLWS	66,25	30	150	2.272	8,3	
113	-65,33 MLWS	66,50	28	180	2.300	8,9	
114	-65,58 MLWS	66,75	28	180	2.328	8,9	
115	-65,83 MLWS	67,00	28	180	2.356	8,9	
116	-66,08 MLWS	67,25	28	180	2.384	8,9	
117	-66,33 MLWS	67,50	28	180	2.412	8,9	
118	-66,58 MLWS	67,75	30	200	2.442	8,3	
119	-66,83 MLWS	68,00	30	200	2.472	8,3	
120	-67,08 MLWS	68,25	30	200	2.502	8,3	
121	-67,33 MLWS	68,50	30	200	2.532	8,3	
122	-67,58 MLWS	68,75	30	230	2.562	8,3	
123	-67,83 MLWS	69,00	30	230	2.592	8,3	
124	-68,08 MLWS	69,25	28	230	2.620	8,9	
125	-68,33 MLWS	69,50	28	230	2.648	8,9	
126	-68,58 MLWS	69,75	28	230	2.676	8,9	
127	-68,83 MLWS	70,00	32	230	2.708	7,8	
128	-69,08 MLWS	70,25	32	230	2.740	7,8	
129	-69,33 MLWS	70,50	30	230	2.770	8,3	
130	-69,58 MLWS	70,75	30	230	2.800	8,3	
131	-69,83 MLWS	71,00	28	230	2.828	8,9	
132	-70,08 MLWS	71,25	28	230	2.856	8,9	
133	-70,33 MLWS	71,50	26	230	2.882	9,6	
134	-70,58 MLWS	71,75	26	230	2.908	9,6	
135	-70,83 MLWS	72,00	26	230	2.934	9,6	
136	-71,08 MLWS	72,25	24	230	2.958	10,4	
137	-71,33 MLWS	72,50	22	230	2.980	11,4	
138	-71,58 MLWS	72,75	24	230	3.004	10,4	
139	-71,83 MLWS	73,00	22	230	3.026	11,4	
140	-72,08 MLWS	73,25	24	230	3.050	10,4	
141	-72,33 MLWS	73,50	24	230	3.074	10,4	
142	-72,58 MLWS	73,75	26	230	3.100	9,6	
143	-72,83 MLWS	74,00	26	230	3.126	9,6	
