N°	Toe Level	Graduation	Blow_Count	Energy(kJ)	Cumulative_blow_Count	Penetration_per_blow(mm/blow)	comments
1	-34,85 MLWS	35,75					
2	-35,10 MLWS	36,00	5	36	5	50	
3	-35,35 MLWS	36,25	5	36	10	50	
4	-35,60 MLWS	36,50	8	36	18	31	
5	-35,85 MLWS	36,75	8	36	26	31	
6	-36,10 MLWS	37,00	6	36	32	42	
7	-36,35 MLWS	37,25	6	36	38	42	
8	-36,60 MLWS	37,50	6	36	44	42	
9	-36,85 MLWS	37,75	6	36	50	42	
10	-37,10 MLWS	38,00	6	36	56	42	
11	-37,35 MLWS	38,25	6	36	62	42	
12	-37,60 MLWS	38,50	6	36	68	42	
13	-37,85 MLWS	38,75	6	36	74	42	
14	-38,10 MLWS	39,00	6	36	80	42	
15	-38,35 MLWS	39,25	6	36	86	42	
16	-38,60 MLWS	39,50	6	36	92	42	
17	-38,85 MLWS	39,75	8	36	100	31	
18	-39,10 MLWS	40,00	10	36	110	25	
19	-39,35 MLWS	40,25	10	36	120	25	
20	-39,60 MLWS	40,50	10	36	130	25	
21	-39,85 MLWS	40,75	10	36	140	25	
22	-40,10 MLWS	41,00	10	36	150	25	
23	-40,35 MLWS	41,25	10	36	160	25	
24	-40,60 MLWS	41,50	10	36	170	25	
25	-40,85 MLWS	41,75	10	36	180	25	
26	-41,10 MLWS	42,00	10	36	190	25	
27	-41,35 MLWS	42,25	10	36	200	25	
28	-41,60 MLWS	42,50	11	36	211	23	
29	-41,85 MLWS	42,75	11	36	222	23	
30	-42,10 MLWS	43,00	11	36	233	23	
31	-42,35 MLWS	43,25	12	36	245	21	
32	-42,60 MLWS	43,50	12	36	257	21	
33	-42,85 MLWS	43,75	13	36	270	19	
34	-43,10 MLWS	44,00	13	36	283	19	
35	-43,35 MLWS	44,25	13	36	296	19	
36	-43,60 MLWS	44,50	14	36	310	18	
37	-43,85 MLWS	44,75	14	36	324	18	
38	-44,10 MLWS	45,00	14	36	338	18	
39	-44,35 MLWS	45,25	16	36	354	16	
40	-44,60 MLWS	45,50	15	36	369	17	
41	-44,85 MLWS	45,75	15	36	384	17	
42	-45,10 MLWS	46,00	16	36	400	16	
43	-45,35 MLWS	46,25	16	36	416	16	
44	-45,60 MLWS	46,50	16	36	432	16	
45	-45,85 MLWS	46,75	18	36	450	14	
46	-46,10 MLWS	47,00	21	36	471	12	
47	-46,35 MLWS	47,25	19	36	490	13	
48	-46,60 MLWS	47,50	20	36	510	13	
49	-46,85 MLWS	47,75	19	36	529	13	
50	-47,10 MLWS	48,00	20	36	549	13	
51	-47,35 MLWS	48,25	19	36	568	13,2	
52	-47,60 MLWS	48,50	17	36	585	14,7	
53	-47,85 MLWS	48,75	17	36	602	14,7	
54	-48,10 MLWS	49,00	17	36	619	14,7	
55	-48,35 MLWS	49,25	17	36	636	14,7	
56	-48,60 MLWS	49,50	17	36	653	14,7	
57	-48,85 MLWS	49,75	17	36	670	14,7	
58	-49,10 MLWS	50,00	17	36	687	14,7	
59	-49,35 MLWS	50,25	17	36	704	14,7	
60	-49,60 MLWS	50,50	17	36	721	14,7	
61	-49,85 MLWS	50,75	17	36	738	14,7	
62	-50,10 MLWS	51,00	17	36	755	14,7	
63	-50,35 MLWS	51,25	17	36	772	14,7	
64	-50,60 MLWS	51,50	17	36	789	14,7	
65	-50,85 MLWS	51,75	17	36	806	14,7	
66	-51,10 MLWS	52,00	19	36	825	13,2	
67	-51,35 MLWS	52,25	20	36	845	12,5	
68	-51,60 MLWS	52,50	20	36	865	12,5	
69	-51,85 MLWS	52,75	20	36	885	12,5	
70	-52,10 MLWS	53,00	27	36	912	9,3	
71	-52,35 MLWS	53,25	27	36	939	9,3	
72	-52,60 MLWS	53,50	27	36	966	9,3	
73	-52,85 MLWS	53,75	27	36	993	9,3	
74	-53,10 MLWS	54,00	25	40	1.018	10,0	
75	-53,35 MLWS	54,25	25	40	1.043	10,0	
76	-53,60 MLWS	54,50	25	40	1.068	10,0	
77	-53,85 MLWS	54,75	25	40	1.093	10,0	
78	-54,10 MLWS	55,00	25	40	1.118	10,0	
79	-54,35 MLWS	55,25	25	40	1.143	10,0	
80	-54,60 MLWS	55,50	25	50	1.168	10,0	
81	-54,85 MLWS	55,75	25	50	1.193	10,0	
82	-55,10 MLWS	56,00	26	50	1.219	9,6	
83	-55,35 MLWS	56,25	26	50	1.245	9,6	
84	-55,60 MLWS	56,50	26	50	1.271	9,6	
85	-55,85 MLWS	56,75	26	70	1.297	9,6	
86	-56,10 MLWS	57,00	26	70	1.323	9,6	
87	-56,35 MLWS	57,25	26	70	1.349	9,6	
88	-56,60 MLWS	57,50	26	70	1.375	9,6	
89	-56,85 MLWS	57,75	26	75	1.401	9,6	
90	-57,10 MLWS	58,00	26	75	1.427	9,6	
91	-57,35 MLWS	58,25	26	75	1.453	9,6	
92	-57,60 MLWS	58,50	28	75	1.481	8,9	
93	-57,85 MLWS	58,75	28	90	1.509	8,9	
94	-58,10 MLWS	59,00	28	90	1.537	8,9	
95	-58,35 MLWS	59,25	25	90	1.562	10,0	
96	-58,60 MLWS	59,50	25	90	1.587	10,0	
97	-58,85 MLWS	59,75	30	90	1.617	8,3	
98	-59,10 MLWS	60,00	30	90	1.647	8,3	
99	-59,35 MLWS	60,25	30	90	1.677	8,3	
100	-59,60 MLWS	60,5	30	120	1.707	8,3	
101	-59,85 MLWS	60,75	30	120	1.737	8,3	
102	-60,10 MLWS	61,00	30	120	1.767	8,3	
103	-60,35 MLWS	61,25	30	150	1.797	8,3	
104	-60,60 MLWS	61,50	30	150	1.827	8,3	
105	-60,85 MLWS	61,75	30	150	1.857	8,3	
106	-61,10 MLWS	62,00	30	150	1.887	8,3	
107	-61,35 MLWS	62,25	30	150	1.917	8,3	
108	-61,60 MLWS	62,50	30	150	1.947	8,3	
109	-61,85 MLWS	62,75	30	160	1.977	8,3	
110	-62,10 MLWS	63,00	30	160	2.007	8,3	
111	-62,35 MLWS	63,25	30	160	2.037	8,3	
112	-62,60 MLWS	63,50	30	160	2.067	8,3	
113	-62,85 MLWS	63,75	27	180	2.094	9,3	
114	-63,10 MLWS	64,00	27	180	2.121	9,3	
115	-63,35 MLWS	64,25	27	180	2.148	9,3	
116	-63,60 MLWS	64,50	27	180	2.175	9,3	
117	-63,85 MLWS	64,75	27	180	2.202	9,3	
118	-64,10 MLWS	65,00	27	180	2.229	9,3	
119	-64,35 MLWS	65,25	27	180	2.256	9,3	
120	-64,60 MLWS	65,50	27	180	2.283	9,3	
121	-64,85 MLWS	65,75	27	180	2.310	9,3	
122	-65,10 MLWS	66,00	27	180	2.337	9,3	
123	-65,35 MLWS	66,25	27	180	2.364	9,3	
124	-65,60 MLWS	66,50	29	190	2.393	8,6	
125	-65,85 MLWS	66,75	29	190	2.422	8,6	
126	-66,10 MLWS	67,00	29	190	2.451	8,6	
127	-66,35 MLWS	67,25	29	190	2.480	8,6	
128	-66,60 MLWS	67,50	29	190	2.509	8,6	
129	-66,85 MLWS	67,75	29	190	2.538	8,6	
130	-67,10 MLWS	68,00	29	190	2.567	8,6	
131	-67,35 MLWS	68,25	29	190	2.596	8,6	
132	-67,60 MLWS	68,50	29	190	2.625	8,6	
133	-67,85 MLWS	68,75	29	190	2.654	8,6	
134	-68,10 MLWS	69,00	29	190	2.683	8,6	
135	-68,35 MLWS	69,25	30	190	2.713	8,3	
136	-68,60 MLWS	69,50	30	190	2.743	8,3	
137	-68,85 MLWS	69,75	30	200	2.773	8,3	
138	-69,10 MLWS	70,00	30	200	2.803	8,3	
139	-69,35 MLWS	70,25	30	200	2.833	8,3	
140	-69,60 MLWS	70,50	30	200	2.863	8,3	
141	-69,85 MLWS	70,75	30	200	2.893	8,3	
142	-70,10 MLWS	71,00	30	210	2.923	8,3	
143	-70,35 MLWS	71,25	30	210	2.953	8,3	
144	-70,60 MLWS	71,50	30	210	2.983	8,3	
145	-70,85 MLWS	71,75	32	210	3.015	7,8	
146	-71,10 MLWS	72,00	32	220	3.047	7,8	
147	-71,35 MLWS	72,25	32	220	3.079	7,8	
148	-71,60 MLWS	72,50	32	220	3.111	7,8	
149	-71,85 MLWS	72,75	32	220	3.143	7,8	
150	-72,10 MLWS	73	32	220	3.175	7,8	
151	-72,35 MLWS	73,25	32	220	3.207	7,8	
152	-72,60 MLWS	73,50	32	220	3.239	7,8	
153	-72,85 MLWS	73,75	32	220	3.271	7,8	
154	-73,10 MLWS	74,00	32	220	3.303	7,8	
155	-73,35 MLWS	74,25	13	220	3.316	19,2	
