N°	Toe Level	Graduation	Blow_Count	Energy(kJ)	Cumulative_blow_Count	Penetration_per_blow(mm/blow)	comments
1	-36,84 MLWS	38,25					
2	-37,09 MLWS	38,50	3	36	3	83	
3	-37,34 MLWS	38,75	6	36	9	42	
4	-37,59 MLWS	39,00	6	36	15	42	
5	-37,84 MLWS	39,25	6	36	21	42	
6	-38,09 MLWS	39,50	6	36	27	42	
7	-38,34 MLWS	39,75	6	36	33	42	
8	-38,59 MLWS	40,00	6	36	39	42	
9	-38,84 MLWS	40,25	6	36	45	42	
10	-39,09 MLWS	40,50	6	36	51	42	
11	-39,34 MLWS	40,75	6	36	57	42	
12	-39,59 MLWS	41,00	5	36	62	50	
13	-39,84 MLWS	41,25	5	36	67	50	
14	-40,09 MLWS	41,50	5	36	72	50	
15	-40,34 MLWS	41,75	5	36	77	50	
16	-40,59 MLWS	42,00	6	36	83	42	
17	-40,84 MLWS	42,25	6	36	89	42	
18	-41,09 MLWS	42,50	6	36	95	42	
19	-41,34 MLWS	42,75	6	36	101	42	
20	-41,59 MLWS	43,00	6	36	107	42	
21	-41,84 MLWS	43,25	6	36	113	42	
22	-42,09 MLWS	43,50	8	36	121	31	
23	-42,34 MLWS	43,75	8	36	129	31	
24	-42,59 MLWS	44,00	8	36	137	31	
25	-42,84 MLWS	44,25	8	36	145	31	
26	-43,09 MLWS	44,50	8	36	153	31	
27	-43,34 MLWS	44,75	8	36	161	31	
28	-43,59 MLWS	45,00	8	36	169	31	
29	-43,84 MLWS	45,25	8	36	177	31	
30	-44,09 MLWS	45,50	9	36	186	28	
31	-44,34 MLWS	45,75	9	36	195	28	
32	-44,59 MLWS	46,00	9	36	204	28	
33	-44,84 MLWS	46,25	9	36	213	28	
34	-45,09 MLWS	46,50	9	36	222	28	
35	-45,34 MLWS	46,75	10	36	232	25	
36	-45,59 MLWS	47,00	10	36	242	25	
37	-45,84 MLWS	47,25	10	36	252	25	
38	-46,09 MLWS	47,50	10	36	262	25	
39	-46,34 MLWS	47,75	10	36	272	25	
40	-46,59 MLWS	48,00	14	36	286	18	
41	-46,84 MLWS	48,25	14	36	300	18	
42	-47,09 MLWS	48,50	14	36	314	18	
43	-47,34 MLWS	48,75	14	36	328	18	
44	-47,59 MLWS	49,00	14	36	342	18	
45	-47,84 MLWS	49,25	14	36	356	18	
46	-48,09 MLWS	49,50	14	36	370	18	
47	-48,34 MLWS	49,75	14	36	384	18	
48	-48,59 MLWS	50,00	14	36	398	18	
49	-48,84 MLWS	50,25	14	36	412	18	
50	-49,09 MLWS	50,50	14	36	426	18	
51	-49,34 MLWS	50,75	16	36	442	15,6	
52	-49,59 MLWS	51,00	16	36	458	15,6	
53	-49,84 MLWS	51,25	16	36	474	15,6	
54	-50,09 MLWS	51,50	18	36	492	13,9	
55	-50,34 MLWS	51,75	18	36	510	13,9	
56	-50,59 MLWS	52,00	18	36	528	13,9	
57	-50,84 MLWS	52,25	18	36	546	13,9	
58	-51,09 MLWS	52,50	20	36	566	12,5	
59	-51,34 MLWS	52,75	22	36	588	11,4	
60	-51,59 MLWS	53,00	24	36	612	10,4	
61	-51,84 MLWS	53,25	24	36	636	10,4	
62	-52,09 MLWS	53,50	26	36	662	9,6	
63	-52,34 MLWS	53,75	28	40	690	8,9	
64	-52,59 MLWS	54,00	28	40	718	8,9	
65	-52,84 MLWS	54,25	26	40	744	9,6	
66	-53,09 MLWS	54,50	28	40	772	8,9	
67	-53,34 MLWS	54,75	28	50	800	8,9	
68	-53,59 MLWS	55,00	28	50	828	8,9	
69	-53,84 MLWS	55,25	26	50	854	9,6	
70	-54,09 MLWS	55,50	28	50	882	8,9	
71	-54,34 MLWS	55,75	30	50	912	8,3	
72	-54,59 MLWS	56,00	28	50	940	8,9	
73	-54,84 MLWS	56,25	26	50	966	9,6	
74	-55,09 MLWS	56,50	26	50	992	9,6	
75	-55,34 MLWS	56,75	28	50	1.020	8,9	
76	-55,59 MLWS	57,00	28	60	1.048	8,9	
77	-55,84 MLWS	57,25	26	60	1.074	9,6	
78	-56,09 MLWS	57,50	26	60	1.100	9,6	
79	-56,34 MLWS	57,75	28	60	1.128	8,9	
80	-56,59 MLWS	58,00	28	75	1.156	8,9	
81	-56,84 MLWS	58,25	28	75	1.184	8,9	
82	-57,09 MLWS	58,50	28	75	1.212	8,9	
83	-57,34 MLWS	58,75	32	80	1.244	7,8	
84	-57,59 MLWS	59,00	26	90	1.270	9,6	
85	-57,84 MLWS	59,25	26	90	1.296	9,6	
86	-58,09 MLWS	59,50	26	90	1.322	9,6	
87	-58,34 MLWS	59,75	28	90	1.350	8,9	
88	-58,59 MLWS	60,00	26	90	1.376	9,6	
89	-58,84 MLWS	60,25	26	100	1.402	9,6	
90	-59,09 MLWS	60,50	28	100	1.430	8,9	
91	-59,34 MLWS	60,75	28	100	1.458	8,9	
92	-59,59 MLWS	61,00	28	110	1.486	8,9	
93	-59,84 MLWS	61,25	30	110	1.516	8,3	
94	-60,09 MLWS	61,50	28	110	1.544	8,9	
95	-60,34 MLWS	61,75	28	110	1.572	8,9	
96	-60,59 MLWS	62,00	28	110	1.600	8,9	
97	-60,84 MLWS	62,25	28	110	1.628	8,9	
98	-61,09 MLWS	62,50	26	120	1.654	9,6	
99	-61,34 MLWS	62,75	28	120	1.682	8,9	
100	-61,59 MLWS	63	28	120	1.710	8,9	
101	-61,84 MLWS	63,25	26	130	1.736	9,6	
102	-62,09 MLWS	63,50	30	130	1.766	8,3	
103	-62,34 MLWS	63,75	28	130	1.794	8,9	
104	-62,59 MLWS	64,00	26	130	1.820	9,6	
105	-62,84 MLWS	64,25	26	130	1.846	9,6	
106	-63,09 MLWS	64,50	26	130	1.872	9,6	
107	-63,34 MLWS	64,75	26	140	1.898	9,6	
108	-63,59 MLWS	65,00	26	140	1.924	9,6	
109	-63,84 MLWS	65,25	28	160	1.952	8,9	
110	-64,09 MLWS	65,50	28	160	1.980	8,9	
111	-64,34 MLWS	65,75	26	170	2.006	9,6	
112	-64,59 MLWS	66,00	26	170	2.032	9,6	
113	-64,84 MLWS	66,25	26	170	2.058	9,6	
114	-65,09 MLWS	66,50	28	170	2.086	8,9	
115	-65,34 MLWS	66,75	30	170	2.116	8,3	
116	-65,59 MLWS	67,00	28	170	2.144	8,9	
117	-65,84 MLWS	67,25	28	180	2.172	8,9	
118	-66,09 MLWS	67,50	28	180	2.200	8,9	
119	-66,34 MLWS	67,75	26	180	2.226	9,6	
120	-66,59 MLWS	68,00	26	180	2.252	9,6	
121	-66,84 MLWS	68,25	26	190	2.278	9,6	
122	-67,09 MLWS	68,50	26	190	2.304	9,6	
123	-67,34 MLWS	68,75	24	190	2.328	10,4	
124	-67,59 MLWS	69,00	26	190	2.354	9,6	
125	-67,84 MLWS	69,25	26	190	2.380	9,6	
126	-68,09 MLWS	69,50	26	200	2.406	9,6	
127	-68,34 MLWS	69,75	26	200	2.432	9,6	
128	-68,59 MLWS	70,00	26	200	2.458	9,6	
129	-68,84 MLWS	70,25	26	200	2.484	9,6	
130	-69,09 MLWS	70,50	26	210	2.510	9,6	
131	-69,34 MLWS	70,75	26	210	2.536	9,6	
132	-69,59 MLWS	71,00	26	210	2.562	9,6	
133	-69,84 MLWS	71,25	26	210	2.588	9,6	
134	-70,09 MLWS	71,50	26	210	2.614	9,6	
135	-70,34 MLWS	71,75	28	210	2.642	8,9	
136	-70,59 MLWS	72,00	28	210	2.670	8,9	
137	-70,84 MLWS	72,25	28	210	2.698	8,9	
138	-71,09 MLWS	72,50	28	21	2.726	8,9	
139	-71,34 MLWS	72,75	28	210	2.754	8,9	
140	-71,59 MLWS	73,00	26	220	2.780	9,6	
141	-71,84 MLWS	73,25	26	210	2.806	9,6	
142	-72,09 MLWS	73,50	28	210	2.834	8,9	
