N°	Toe Level	Graduation	Blow_Count	Energy(kJ)	Cumulative_blow_Count	Penetration_per_blow(mm/blow)	comments
1	-35,93 MLWS	37,25					
2	-36,18 MLWS	37,50	2	36	2	125	
3	-36,43 MLWS	37,75	7	36	9	36	
4	-36,68 MLWS	38,00	7	36	16	36	
5	-36,93 MLWS	38,25	7	36	23	36	
6	-37,18 MLWS	38,50	7	36	30	36	
7	-37,43 MLWS	38,75	5	36	35	50	
8	-37,68 MLWS	39,00	6	36	41	42	
9	-37,93 MLWS	39,25	6	36	47	42	
10	-38,18 MLWS	39,50	5	36	52	50	
11	-38,43 MLWS	39,75	6	36	58	42	
12	-38,68 MLWS	40,00	7	36	65	36	
13	-38,93 MLWS	40,25	5	36	70	50	
14	-39,18 MLWS	40,50	6	36	76	42	
15	-39,43 MLWS	40,75	6	36	82	42	
16	-39,68 MLWS	41,00	7	36	89	36	
17	-39,93 MLWS	41,25	7	36	96	36	
18	-40,18 MLWS	41,50	7	36	103	36	
19	-40,43 MLWS	41,75	7	36	110	36	
20	-40,68 MLWS	42,00	7	36	117	36	
21	-40,93 MLWS	42,25	6	36	123	42	
22	-41,18 MLWS	42,50	6	36	129	42	
23	-41,43 MLWS	42,75	7	36	136	36	
24	-41,68 MLWS	43,00	9	36	145	28	
25	-41,93 MLWS	43,25	7	36	152	36	
26	-42,18 MLWS	43,50	8	36	160	31	
27	-42,43 MLWS	43,75	8	36	168	31	
28	-42,68 MLWS	44,00	10	36	178	25	
29	-42,93 MLWS	44,25	10	36	188	25	
30	-43,18 MLWS	44,50	9	36	197	28	
31	-43,43 MLWS	44,75	9	36	206	28	
32	-43,68 MLWS	45,00	10	36	216	25	
33	-43,93 MLWS	45,25	10	36	226	25	
34	-44,18 MLWS	45,50	12	36	238	21	
35	-44,43 MLWS	45,75	14	36	252	18	
36	-44,68 MLWS	46,00	19	36	271	13	
37	-44,93 MLWS	46,25	19	36	290	13	
38	-45,18 MLWS	46,50	19	41	309	13	
39	-45,43 MLWS	46,75	18	41	327	14	
40	-45,68 MLWS	47,00	18	41	345	14	
41	-45,93 MLWS	47,25	18	41	363	14	
42	-46,18 MLWS	47,50	22	41	385	11	
43	-46,43 MLWS	47,75	19	41	404	13	
44	-46,68 MLWS	48,00	19	41	423	13	
45	-46,93 MLWS	48,25	23	41	446	11	
46	-47,18 MLWS	48,50	21	41	467	12	
47	-47,43 MLWS	48,75	21	41	488	12	
48	-47,68 MLWS	49,00	21	41	509	12	
49	-47,93 MLWS	49,25	21	41	530	12	
50	-48,18 MLWS	49,50	19	41	549	13	
51	-48,43 MLWS	49,75	19	41	568	13,2	
52	-48,68 MLWS	50,00	22	41	590	11,4	
53	-48,93 MLWS	50,25	22	41	612	11,4	
54	-49,18 MLWS	50,50	23	41	635	10,9	
55	-49,43 MLWS	50,75	22	41	657	11,4	
56	-49,68 MLWS	51,00	24	41	681	10,4	
57	-49,93 MLWS	51,25	24	41	705	10,4	
58	-50,18 MLWS	51,50	26	41	731	9,6	
59	-50,43 MLWS	51,75	26	41	757	9,6	
60	-50,68 MLWS	52,00	30	41	787	8,3	
61	-50,93 MLWS	52,25	27	41	814	9,3	
62	-51,18 MLWS	52,50	26	53	840	9,6	
63	-51,43 MLWS	52,75	24	53	864	10,4	
64	-51,68 MLWS	53,00	25	53	889	10,0	
65	-51,93 MLWS	53,25	25	57	914	10,0	
66	-52,18 MLWS	53,50	27	57	941	9,3	
67	-52,43 MLWS	53,75	31	57	972	8,1	
68	-52,68 MLWS	54,00	31	57	1.003	8,1	
69	-52,93 MLWS	54,25	30	60	1.033	8,3	
70	-53,18 MLWS	54,50	29	60	1.062	8,6	
71	-53,43 MLWS	54,75	29	60	1.091	8,6	
72	-53,68 MLWS	55,00	28	60	1.119	8,9	
73	-53,93 MLWS	55,25	26	70	1.145	9,6	
74	-54,18 MLWS	55,50	25	70	1.170	10,0	
75	-54,43 MLWS	55,75	26	70	1.196	9,6	
76	-54,68 MLWS	56,00	28	70	1.224	8,9	
77	-54,93 MLWS	56,25	29	70	1.253	8,6	
78	-55,18 MLWS	56,50	32	85	1.285	7,8	
79	-55,43 MLWS	56,75	24	95	1.309	10,4	
80	-55,68 MLWS	57,00	24	95	1.333	10,4	
81	-55,93 MLWS	57,25	23	95	1.356	10,9	
82	-56,18 MLWS	57,50	23	95	1.379	10,9	
83	-56,43 MLWS	57,75	23	95	1.402	10,9	
84	-56,68 MLWS	58,00	23	95	1.425	10,9	
85	-56,93 MLWS	58,25	23	95	1.448	10,9	
86	-57,18 MLWS	58,50	25	95	1.473	10,0	
87	-57,43 MLWS	58,75	26	95	1.499	9,6	
88	-57,68 MLWS	59,00	26	95	1.525	9,6	
89	-57,93 MLWS	59,25	27	95	1.552	9,3	
90	-58,18 MLWS	59,50	31	100	1.583	8,1	
91	-58,43 MLWS	59,75	28	100	1.611	8,9	
92	-58,68 MLWS	60,00	31	100	1.642	8,1	
93	-58,93 MLWS	60,25	33	100	1.675	7,6	
94	-59,18 MLWS	60,50	30	110	1.705	8,3	
95	-59,43 MLWS	60,75	29	110	1.734	8,6	
96	-59,68 MLWS	61,00	26	130	1.760	9,6	
97	-59,93 MLWS	61,25	26	130	1.786	9,6	
98	-60,18 MLWS	61,50	28	130	1.814	8,9	
99	-60,43 MLWS	61,75	28	130	1.842	8,9	
100	-60,68 MLWS	62,00	28	130	1.870	8,9	
101	-60,93 MLWS	62,25	28	130	1.898	8,9	
102	-61,18 MLWS	62,50	30	130	1.928	8,3	
103	-61,43 MLWS	62,75	31	140	1.959	8,1	
104	-61,68 MLWS	63,00	33	140	1.992	7,6	
105	-61,93 MLWS	63,25	31	160	2.023	8,1	
106	-62,18 MLWS	63,50	26	160	2.049	9,6	
107	-62,43 MLWS	63,75	26	160	2.075	9,6	
108	-62,68 MLWS	64,00	26	160	2.101	9,6	
109	-62,93 MLWS	64,25	26	160	2.127	9,6	
110	-63,18 MLWS	64,50	26	160	2.153	9,6	
111	-63,43 MLWS	64,75	27	160	2.180	9,3	
112	-63,68 MLWS	65,00	26	160	2.206	9,6	
113	-63,93 MLWS	65,25	26	160	2.232	9,6	
114	-64,18 MLWS	65,50	26	160	2.258	9,6	
115	-64,43 MLWS	65,75	26	160	2.284	9,6	
116	-64,68 MLWS	66,00	28	160	2.312	8,9	
117	-64,93 MLWS	66,25	30	160	2.342	8,3	
118	-65,18 MLWS	66,50	33	160	2.375	7,6	
119	-65,43 MLWS	66,75	29	160	2.404	8,6	
