N°	Toe Level	Graduation	Blow_Count	Energy(kJ)	Cumulative_blow_Count	Penetration_per_blow(mm/blow)	comments
1	-34,23 MLWS	35,00					
2	-34,48 MLWS	35,25	6	36	6	42	
3	-34,73 MLWS	35,50	8	36	14	31	
4	-34,98 MLWS	35,75	7	36	21	36	
5	-35,23 MLWS	36,00	7	36	28	36	
6	-35,48 MLWS	36,25	4	36	32	63	
7	-35,73 MLWS	36,50	6	36	38	42	
8	-35,98 MLWS	36,75	6	36	44	42	
9	-36,23 MLWS	37,00	6	36	50	42	
10	-36,48 MLWS	37,25	6	36	56	42	
11	-36,73 MLWS	37,50	6	36	62	42	
12	-36,98 MLWS	37,75	6	36	68	42	
13	-37,23 MLWS	38,00	6	36	74	42	
14	-37,48 MLWS	38,25	6	36	80	42	
15	-37,73 MLWS	38,50	6	36	86	42	
16	-37,98 MLWS	38,75	6	36	92	42	
17	-38,23 MLWS	39,00	12	36	104	21	
18	-38,48 MLWS	39,25	8	36	112	31	
19	-38,73 MLWS	39,50	8	36	120	31	
20	-38,98 MLWS	39,75	8	36	128	31	
21	-39,23 MLWS	40,00	8	36	136	31	
22	-39,48 MLWS	40,25	8	36	144	31	
23	-39,73 MLWS	40,50	8	36	152	31	
24	-39,98 MLWS	40,75	8	36	160	31	
25	-40,23 MLWS	41,00	8	36	168	31	
26	-40,48 MLWS	41,25	8	36	176	31	
27	-40,73 MLWS	41,50	8	36	184	31	
28	-40,98 MLWS	41,75	8	36	192	31	
29	-41,23 MLWS	42,00	8	36	200	31	
30	-41,48 MLWS	42,25	8	36	208	31	
31	-41,73 MLWS	42,50	8	36	216	31	
32	-41,98 MLWS	42,75	8	36	224	31	
33	-42,23 MLWS	43,00	10	36	234	25	
34	-42,48 MLWS	43,25	10	36	244	25	
35	-42,73 MLWS	43,50	10	36	254	25	
36	-42,98 MLWS	43,75	10	36	264	25	
37	-43,23 MLWS	44,00	10	36	274	25	
38	-43,48 MLWS	44,25	12	36	286	21	
39	-43,73 MLWS	44,50	12	36	298	21	
40	-43,98 MLWS	44,75	12	36	310	21	
41	-44,23 MLWS	45,00	16	36	326	16	
42	-44,48 MLWS	45,25	12	36	338	21	
43	-44,73 MLWS	45,50	12	36	350	21	
44	-44,98 MLWS	45,75	12	36	362	21	
45	-45,23 MLWS	46,00	14	36	376	18	
46	-45,48 MLWS	46,25	14	36	390	18	
47	-45,73 MLWS	46,50	14	36	404	18	
48	-45,98 MLWS	46,75	14	36	418	18	
49	-46,23 MLWS	47,00	14	36	432	18	
50	-46,48 MLWS	47,25	14	36	446	18	
51	-46,73 MLWS	47,50	14	36	460	17,9	
52	-46,98 MLWS	47,75	14	36	474	17,9	
53	-47,23 MLWS	48,00	16	36	490	15,6	
54	-47,48 MLWS	48,25	18	36	508	13,9	
55	-47,73 MLWS	48,50	18	36	526	13,9	
56	-47,98 MLWS	48,75	18	36	544	13,9	
57	-48,23 MLWS	49,00	18	40	562	13,9	
58	-48,48 MLWS	49,25	16	40	578	15,6	
59	-48,73 MLWS	49,50	18	40	596	13,9	
60	-48,98 MLWS	49,75	18	40	614	13,9	
61	-49,23 MLWS	50,00	16	40	630	15,6	
62	-49,48 MLWS	50,25	18	40	648	13,9	
63	-49,73 MLWS	50,50	18	40	666	13,9	
64	-49,98 MLWS	50,75	18	40	684	13,9	
65	-50,23 MLWS	51,00	18	40	702	13,9	
66	-50,48 MLWS	51,25	22	40	724	11,4	
67	-50,73 MLWS	51,50	22	40	746	11,4	
68	-50,98 MLWS	51,75	22	40	768	11,4	
69	-51,23 MLWS	52,00	24	40	792	10,4	
70	-51,48 MLWS	52,25	24	40	816	10,4	
71	-51,73 MLWS	52,50	26	40	842	9,6	
72	-51,98 MLWS	52,75	26	40	868	9,6	
73	-52,23 MLWS	53,00	26	40	894	9,6	
74	-52,48 MLWS	53,25	26	40	920	9,6	
75	-52,73 MLWS	53,50	26	50	946	9,6	
76	-52,98 MLWS	53,75	26	50	972	9,6	
77	-53,23 MLWS	54,00	26	50	998	9,6	
78	-53,48 MLWS	54,25	26	50	1.024	9,6	
79	-53,73 MLWS	54,50	28	50	1.052	8,9	
80	-53,98 MLWS	54,75	28	50	1.080	8,9	
81	-54,23 MLWS	55,00	30	60	1.110	8,3	
82	-54,48 MLWS	55,25	28	60	1.138	8,9	
83	-54,73 MLWS	55,50	26	60	1.164	9,6	
84	-54,98 MLWS	55,75	26	60	1.190	9,6	
85	-55,23 MLWS	56,00	26	60	1.216	9,6	
86	-55,48 MLWS	56,25	28	75	1.244	8,9	
87	-55,73 MLWS	56,50	28	75	1.272	8,9	
88	-55,98 MLWS	56,75	28	75	1.300	8,9	
89	-56,23 MLWS	57,00	28	75	1.328	8,9	
90	-56,48 MLWS	57,25	28	75	1.356	8,9	
91	-56,73 MLWS	57,50	28	75	1.384	8,9	
92	-56,98 MLWS	57,75	28	80	1.412	8,9	
93	-57,23 MLWS	58,00	28	80	1.440	8,9	
94	-57,48 MLWS	58,25	28	90	1.468	8,9	
95	-57,73 MLWS	58,50	26	90	1.494	9,6	
96	-57,98 MLWS	58,75	26	100	1.520	9,6	
97	-58,23 MLWS	59,00	26	100	1.546	9,6	
98	-58,48 MLWS	59,25	28	100	1.574	8,9	
99	-58,73 MLWS	59,50	28	100	1.602	8,9	
100	-58,98 MLWS	59,75	28	100	1.630	8,9	
101	-59,23 MLWS	60,00	30	100	1.660	8,3	
102	-59,48 MLWS	60,25	28	100	1.688	8,9	
103	-59,73 MLWS	60,50	30	110	1.718	8,3	
104	-59,98 MLWS	60,75	30	110	1.748	8,3	
105	-60,23 MLWS	61,00	30	110	1.778	8,3	
106	-60,48 MLWS	61,25	32	120	1.810	7,8	
107	-60,73 MLWS	61,50	28	120	1.838	8,9	
108	-60,98 MLWS	61,75	28	120	1.866	8,9	
109	-61,23 MLWS	62,00	30	130	1.896	8,3	
110	-61,48 MLWS	62,25	28	130	1.924	8,9	
111	-61,73 MLWS	62,50	28	130	1.952	8,9	
112	-61,98 MLWS	62,75	26	130	1.978	9,6	
113	-62,23 MLWS	63,00	29	130	2.007	8,6	
114	-62,48 MLWS	63,25	30	130	2.037	8,3	
115	-62,73 MLWS	63,50	28	130	2.065	8,9	
116	-62,98 MLWS	63,75	28	130	2.093	8,9	
117	-63,23 MLWS	64,00	26	150	2.119	9,6	
118	-63,48 MLWS	64,25	26	150	2.145	9,6	
119	-63,73 MLWS	64,50	26	150	2.171	9,6	
120	-63,98 MLWS	64,75	26	160	2.197	9,6	
121	-64,23 MLWS	65,00	26	160	2.223	9,6	
122	-64,48 MLWS	65,25	26	160	2.249	9,6	
123	-64,73 MLWS	65,50	28	160	2.277	8,9	
124	-64,98 MLWS	65,75	28	160	2.305	8,9	
125	-65,23 MLWS	66,00	28	160	2.333	8,9	
126	-65,48 MLWS	66,25	28	160	2.361	8,9	
127	-65,73 MLWS	66,50	30	160	2.391	8,3	
128	-65,98 MLWS	66,75	30	180	2.421	8,3	
129	-66,23 MLWS	67,00	30	180	2.451	8,3	
130	-66,48 MLWS	67,25	30	180	2.481	8,3	
131	-66,73 MLWS	67,50	30	180	2.511	8,3	
132	-66,98 MLWS	67,75	30	180	2.541	8,3	
133	-67,23 MLWS	68,00	30	180	2.571	8,3	
134	-67,48 MLWS	68,25	26	210	2.597	9,6	
135	-67,73 MLWS	68,50	30	210	2.627	8,3	
136	-67,98 MLWS	68,75	30	210	2.657	8,3	
137	-68,23 MLWS	69,00	26	210	2.683	9,6	
138	-68,48 MLWS	69,25	26	210	2.709	9,6	
139	-68,73 MLWS	69,50	26	210	2.735	9,6	
140	-68,98 MLWS	69,75	24	210	2.759	10,4	
141	-69,23 MLWS	70,00	24	210	2.783	10,4	
142	-69,48 MLWS	70,25	26	210	2.809	9,6	
143	-69,73 MLWS	70,50	26	210	2.835	9,6	
144	-69,98 MLWS	70,75	24	210	2.859	10,4	
145	-70,23 MLWS	71,00	26	210	2.885	9,6	
146	-70,48 MLWS	71,25	26	210	2.911	9,6	
147	-70,73 MLWS	71,50	26	210	2.937	9,6	
148	-70,98 MLWS	71,75	26	210	2.963	9,6	
149	-71,23 MLWS	72,00	24	210	2.987	10,4	
150	-71,48 MLWS	72,25	22	210	3.009	11,4	
151	-71,73 MLWS	72,50	22	200	3.031	11,4	
152	-71,98 MLWS	72,75	22	200	3.053	11,4	
153	-72,23 MLWS	73,00	24	200	3.077	10,4	
154	-72,48 MLWS	73,25	24	200	3.101	10,4	
