N°	Toe Level	Graduation	Blow_Count	Energy(kJ)	Cumulative_blow_Count	Penetration_per_blow(mm/blow)	comments
1	-38,64 MLWS	39,50					
2	-38,89 MLWS	39,75	8	36	8	31	
3	-39,14 MLWS	40,00	8	36	16	31	
4	-39,39 MLWS	40,25	7	36	23	36	
5	-39,64 MLWS	40,50	8	36	31	31	
6	-39,89 MLWS	40,75	7	36	38	36	
7	-40,14 MLWS	41,00	6	36	44	42	
8	-40,39 MLWS	41,25	8	36	52	31	
9	-40,64 MLWS	41,50	7	36	59	36	
10	-40,89 MLWS	41,75	8	36	67	31	
11	-41,14 MLWS	42,00	8	36	75	31	
12	-41,39 MLWS	42,25	8	36	83	31	
13	-41,64 MLWS	42,50	8	36	91	31	
14	-41,89 MLWS	42,75	8	36	99	31	
15	-42,14 MLWS	43,00	8	36	107	31	
16	-42,39 MLWS	43,25	8	36	115	31	
17	-42,64 MLWS	43,50	8	36	123	31	
18	-42,89 MLWS	43,75	8	36	131	31	
19	-43,14 MLWS	44,00	9	36	140	28	
20	-43,39 MLWS	44,25	9	36	149	28	
21	-43,64 MLWS	44,50	9	36	158	28	
22	-43,89 MLWS	44,75	10	36	168	25	
23	-44,14 MLWS	45,00	10	36	178	25	
24	-44,39 MLWS	45,25	10	36	188	25	
25	-44,64 MLWS	45,50	12	36	200	21	
26	-44,89 MLWS	45,75	12	36	212	21	
27	-45,14 MLWS	46,00	10	36	222	25	
28	-45,39 MLWS	46,25	12	36	234	21	
29	-45,64 MLWS	46,50	12	36	246	21	
30	-45,89 MLWS	46,75	12	36	258	21	
31	-46,14 MLWS	47,00	12	36	270	21	
32	-46,39 MLWS	47,25	14	36	284	18	
33	-46,64 MLWS	47,50	14	36	298	18	
34	-46,89 MLWS	47,75	14	36	312	18	
35	-47,14 MLWS	48,00	16	36	328	16	
36	-47,39 MLWS	48,25	16	36	344	16	
37	-47,64 MLWS	48,50	16	36	360	16	
38	-47,89 MLWS	48,75	16	36	376	16	
39	-48,14 MLWS	49,00	16	36	392	16	
40	-48,39 MLWS	49,25	16	36	408	16	
41	-48,64 MLWS	49,50	16	36	424	16	
42	-48,89 MLWS	49,75	16	36	440	16	
43	-49,14 MLWS	50,00	20	36	460	13	
44	-49,39 MLWS	50,25	20	36	480	13	
45	-49,64 MLWS	50,50	30	36	510	8	
46	-49,89 MLWS	50,75	20	36	530	13	
47	-50,14 MLWS	51,00	22	36	552	11	
48	-50,39 MLWS	51,25	26	36	578	10	
49	-50,64 MLWS	51,50	26	36	604	10	
50	-50,89 MLWS	51,75	26	36	630	10	
51	-51,14 MLWS	52,00	28	36	658	8,9	
52	-51,39 MLWS	52,25	30	36	688	8,3	
53	-51,64 MLWS	52,50	30	36	718	8,3	
54	-51,89 MLWS	52,75	30	36	748	8,3	
55	-52,14 MLWS	53,00	30	42	778	8,3	
56	-52,39 MLWS	53,25	30	42	808	8,3	
57	-52,64 MLWS	53,50	30	47	838	8,3	
58	-52,89 MLWS	53,75	30	47	868	8,3	
59	-53,14 MLWS	54,00	36	52	904	6,9	
60	-53,39 MLWS	54,25	36	52	940	6,9	
61	-53,64 MLWS	54,50	32	55	972	7,8	
62	-53,89 MLWS	54,75	32	55	1.004	7,8	
63	-54,14 MLWS	55,00	30	57	1.034	8,3	
64	-54,39 MLWS	55,25	32	59	1.066	7,8	
65	-54,64 MLWS	55,50	30	62	1.096	8,3	
66	-54,89 MLWS	55,75	28	66	1.124	8,9	
67	-55,14 MLWS	56,00	28	66	1.152	8,9	
68	-55,39 MLWS	56,25	28	66	1.180	8,9	
69	-55,64 MLWS	56,50	28	66	1.208	8,9	
70	-55,89 MLWS	56,75	30	66	1.238	8,3	
71	-56,14 MLWS	57,00	28	68	1.266	8,9	
72	-56,39 MLWS	57,25	28	68	1.294	8,9	
73	-56,64 MLWS	57,50	32	68	1.326	7,8	
74	-56,89 MLWS	57,75	30	72	1.356	8,3	
75	-57,14 MLWS	58,00	34	72	1.390	7,4	
76	-57,39 MLWS	58,25	30	72	1.420	8,3	
77	-57,64 MLWS	58,50	30	85	1.450	8,3	
78	-57,89 MLWS	58,75	28	95	1.478	8,9	
79	-58,14 MLWS	59,00	26	100	1.504	9,6	
80	-58,39 MLWS	59,25	26	100	1.530	9,6	
81	-58,64 MLWS	59,50	28	100	1.558	8,9	
82	-58,89 MLWS	59,75	28	105	1.586	8,9	
83	-59,14 MLWS	60,00	28	105	1.614	8,9	
84	-59,39 MLWS	60,25	28	105	1.642	8,9	
85	-59,64 MLWS	60,50	28	115	1.670	8,9	
86	-59,89 MLWS	60,75	28	125	1.698	8,9	
87	-60,14 MLWS	61,00	28	125	1.726	8,9	
88	-60,39 MLWS	61,25	26	125	1.752	9,6	
89	-60,64 MLWS	61,50	26	125	1.778	9,6	
90	-60,89 MLWS	61,75	28	130	1.806	8,9	
91	-61,14 MLWS	62,00	28	130	1.834	8,9	
92	-61,39 MLWS	62,25	28	130	1.862	8,9	
93	-61,64 MLWS	62,50	28	140	1.890	8,9	
94	-61,89 MLWS	62,75	28	145	1.918	8,9	
95	-62,14 MLWS	63,00	34	145	1.952	7,4	
96	-62,39 MLWS	63,25	32	145	1.984	7,8	
97	-62,64 MLWS	63,50	32	145	2.016	7,8	
98	-62,89 MLWS	63,75	32	145	2.048	7,8	
99	-63,14 MLWS	64,00	28	150	2.076	8,9	
100	-63,39 MLWS	64,25	28	150	2.104	8,9	
101	-63,64 MLWS	64,50	28	150	2.132	8,9	
102	-63,89 MLWS	64,75	26	150	2.158	9,6	
103	-64,14 MLWS	65,00	26	150	2.184	9,6	
104	-64,39 MLWS	65,25	28	150	2.212	8,9	
105	-64,64 MLWS	65,50	28	160	2.240	8,9	
106	-64,89 MLWS	65,75	28	160	2.268	8,9	
107	-65,14 MLWS	66,00	26	160	2.294	9,6	
108	-65,39 MLWS	66,25	26	150	2.320	9,6	
109	-65,64 MLWS	66,50	28	145	2.348	8,9	
110	-65,89 MLWS	66,75	30	150	2.378	8,3	
111	-66,14 MLWS	67,00	30	150	2.408	8,3	
112	-66,39 MLWS	67,25	30	150	2.438	8,3	
113	-66,64 MLWS	67,50	30	155	2.468	8,3	
114	-66,89 MLWS	67,75	2.468	-			
115	-67,14 MLWS	68,00	2.468	-			
116	-67,39 MLWS	68,25	2.468	-			
117	-67,64 MLWS	68,50	2.468	-			
118	-67,89 MLWS	68,75	2.468	-			
119	-68,14 MLWS	69,00	2.468	-			
120	-68,39 MLWS	69,25	2.468	-			
121	-68,64 MLWS	69,50	2.468	-			
122	-68,89 MLWS	69,75	2.468	-			
123	-69,14 MLWS	70,00	2.468	-			
124	-69,39 MLWS	70,25	2.468	-			
125	-69,64 MLWS	70,50	2.468	-			
126	-69,89 MLWS	70,75	2.468	-			
127	-70,14 MLWS	71,00	2.468	-			
128	-70,39 MLWS	71,25	2.468	-			
129	-70,64 MLWS	71,50	2.468	-			
