N°	Toe Level	Graduation	Blow_Count	Energy(kJ)	Cumulative_blow_Count	Penetration_per_blow(mm/blow)	comments
1	-37,76 MLWS	38,75					
2	-38,01 MLWS	39,00	5	36	5	50	
3	-38,26 MLWS	39,25	5	36	10	50	
4	-38,51 MLWS	39,50	5	36	15	50	
5	-38,76 MLWS	39,75	8	36	23	31	
6	-39,01 MLWS	40,00	8	36	31	31	
7	-39,26 MLWS	40,25	8	36	39	31	
8	-39,51 MLWS	40,50	8	36	47	31	
9	-39,76 MLWS	40,75	8	36	55	31	
10	-40,01 MLWS	41,00	8	36	63	31	
11	-40,26 MLWS	41,25	8	36	71	31	
12	-40,51 MLWS	41,50	8	36	79	31	
13	-40,76 MLWS	41,75	8	36	87	31	
14	-41,01 MLWS	42,00	8	36	95	31	
15	-41,26 MLWS	42,25	8	36	103	31	
16	-41,51 MLWS	42,50	8	36	111	31	
17	-41,76 MLWS	42,75	8	36	119	31	
18	-42,01 MLWS	43,00	9	36	128	28	
19	-42,26 MLWS	43,25	9	36	137	28	
20	-42,51 MLWS	43,50	9	36	146	28	
21	-42,76 MLWS	43,75	9	36	155	28	
22	-43,01 MLWS	44,00	9	36	164	28	
23	-43,26 MLWS	44,25	9	36	173	28	
24	-43,51 MLWS	44,50	11	36	184	23	
25	-43,76 MLWS	44,75	11	36	195	23	
26	-44,01 MLWS	45,00	11	36	206	23	
27	-44,26 MLWS	45,25	11	36	217	23	
28	-44,51 MLWS	45,50	12	36	229	21	
29	-44,76 MLWS	45,75	12	36	241	21	
30	-45,01 MLWS	46,00	12	36	253	21	
31	-45,26 MLWS	46,25	12	36	265	21	
32	-45,51 MLWS	46,50	14	36	279	18	
33	-45,76 MLWS	46,75	14	36	293	18	
34	-46,01 MLWS	47,00	14	36	307	18	
35	-46,26 MLWS	47,25	15	36	322	17	
36	-46,51 MLWS	47,50	15	36	337	17	
37	-46,76 MLWS	47,75	16	36	353	16	
38	-47,01 MLWS	48,00	16	36	369	16	
39	-47,26 MLWS	48,25	16	36	385	16	
40	-47,51 MLWS	48,50	16	36	401	16	
41	-47,76 MLWS	48,75	16	36	417	16	
42	-48,01 MLWS	49,00	16	36	433	16	
43	-48,26 MLWS	49,25	16	36	449	16	
44	-48,51 MLWS	49,50	17	36	466	15	
45	-48,76 MLWS	49,75	17	36	483	15	
46	-49,01 MLWS	50,00	17	36	500	15	
47	-49,26 MLWS	50,25	18	36	518	14	
48	-49,51 MLWS	50,50	18	36	536	14	
49	-49,76 MLWS	50,75	18	36	554	14	
50	-50,01 MLWS	51,00	20	36	574	13	
51	-50,26 MLWS	51,25	20	36	594	12,5	
52	-50,51 MLWS	51,50	22	36	616	11,4	
53	-50,76 MLWS	51,75	22	36	638	11,4	
54	-51,01 MLWS	52,00	22	36	660	11,4	
55	-51,26 MLWS	52,25	23	36	683	10,9	
56	-51,51 MLWS	52,50	23	40	706	10,9	
57	-51,76 MLWS	52,75	23	40	729	10,9	
58	-52,01 MLWS	53,00	23	40	752	10,9	
59	-52,26 MLWS	53,25	24	51	776	10,4	
60	-52,51 MLWS	53,50	24	51	800	10,4	
61	-52,76 MLWS	53,75	24	51	824	10,4	
62	-53,01 MLWS	54,00	24	57	848	10,4	
63	-53,26 MLWS	54,25	24	57	872	10,4	
64	-53,51 MLWS	54,50	24	57	896	10,4	
65	-53,76 MLWS	54,75	24	57	920	10,4	
66	-54,01 MLWS	55,00	24	58	944	10,4	
67	-54,26 MLWS	55,25	25	62	969	10,0	
68	-54,51 MLWS	55,50	25	62	994	10,0	
69	-54,76 MLWS	55,75	25	69	1.019	10,0	
70	-55,01 MLWS	56,00	25	69	1.044	10,0	
71	-55,26 MLWS	56,25	25	69	1.069	10,0	
72	-55,51 MLWS	56,50	25	69	1.094	10,0	
73	-55,76 MLWS	56,75	25	69	1.119	10,0	
74	-56,01 MLWS	57,00	25	69	1.144	10,0	
75	-56,26 MLWS	57,25	26	90	1.170	9,6	
76	-56,51 MLWS	57,50	26	100	1.196	9,6	
77	-56,76 MLWS	57,75	26	100	1.222	9,6	
78	-57,01 MLWS	58,00	26	100	1.248	9,6	
79	-57,26 MLWS	58,25	26	100	1.274	9,6	
80	-57,51 MLWS	58,50	26	100	1.300	9,6	
81	-57,76 MLWS	58,75	26	100	1.326	9,6	
82	-58,01 MLWS	59,00	26	100	1.352	9,6	
83	-58,26 MLWS	59,25	26	100	1.378	9,6	
84	-58,51 MLWS	59,50	26	100	1.404	9,6	
85	-58,76 MLWS	59,75	26	100	1.430	9,6	
86	-59,01 MLWS	60,00	28	110	1.458	8,9	
87	-59,26 MLWS	60,25	28	110	1.486	8,9	
88	-59,51 MLWS	60,50	28	110	1.514	8,9	
89	-59,76 MLWS	60,75	28	110	1.542	8,9	
90	-60,01 MLWS	61,00	28	120	1.570	8,9	
91	-60,26 MLWS	61,25	28	120	1.598	8,9	
92	-60,51 MLWS	61,50	28	120	1.626	8,9	
93	-60,76 MLWS	61,75	28	130	1.654	8,9	
94	-61,01 MLWS	62,00	28	140	1.682	8,9	
95	-61,26 MLWS	62,25	28	140	1.710	8,9	
96	-61,51 MLWS	62,50	28	140	1.738	8,9	
97	-61,76 MLWS	62,75	28	140	1.766	8,9	
98	-62,01 MLWS	63,00	28	140	1.794	8,9	
99	-62,26 MLWS	63,25	28	140	1.822	8,9	
100	-62,51 MLWS	63,5	29	140	1.851	8,6	
101	-62,76 MLWS	63,75	29	150	1.880	8,6	
102	-63,01 MLWS	64,00	29	150	1.909	8,6	
103	-63,26 MLWS	64,25	29	160	1.938	8,6	
104	-63,51 MLWS	64,50	29	160	1.967	8,6	
105	-63,76 MLWS	64,75	29	160	1.996	8,6	
106	-64,01 MLWS	65,00	29	160	2.025	8,6	
107	-64,26 MLWS	65,25	29	160	2.054	8,6	
108	-64,51 MLWS	65,50	29	170	2.083	8,6	
109	-64,76 MLWS	65,75	29	180	2.112	8,6	
110	-65,01 MLWS	66,00	26	180	2.138	9,6	
111	-65,26 MLWS	66,25	26	180	2.164	9,6	
112	-65,51 MLWS	66,50	26	180	2.190	9,6	
113	-65,76 MLWS	66,75	26	180	2.216	9,6	
114	-66,01 MLWS	67,00	26	180	2.242	9,6	
115	-66,26 MLWS	67,25	26	180	2.268	9,6	
116	-66,51 MLWS	67,50	26	180	2.294	9,6	
117	-66,76 MLWS	67,75	26	190	2.320	9,6	
118	-67,01 MLWS	68,00	26	190	2.346	9,6	
119	-67,26 MLWS	68,25	26	190	2.372	9,6	
120	-67,51 MLWS	68,50	25	190	2.397	10,0	
