N°	Toe Level	Graduation	Blow_Count	Energy(kJ)	Cumulative_blow_Count	Penetration_per_blow(mm/blow)	comments
1	-37,03 MLWS	38,25					
2	-37,28 MLWS	38,50	1	36	1	250	
3	-37,53 MLWS	38,75	7	36	8	36	
4	-37,78 MLWS	39,00	7	36	15	36	
5	-38,03 MLWS	39,25	7	36	22	36	
6	-38,28 MLWS	39,50	7	36	29	36	
7	-38,53 MLWS	39,75	7	36	36	36	
8	-38,78 MLWS	40,00	7	36	43	36	
9	-39,03 MLWS	40,25	7	36	50	36	
10	-39,28 MLWS	40,50	7	36	57	36	
11	-39,53 MLWS	40,75	7	36	64	36	
12	-39,78 MLWS	41,00	6	36	70	42	
13	-40,03 MLWS	41,25	7	36	77	36	
14	-40,28 MLWS	41,50	7	36	84	36	
15	-40,53 MLWS	41,75	7	36	91	36	
16	-40,78 MLWS	42,00	7	36	98	36	
17	-41,03 MLWS	42,25	7	36	105	36	
18	-41,28 MLWS	42,50	9	36	114	28	
19	-41,53 MLWS	42,75	8	36	122	31	
20	-41,78 MLWS	43,00	8	36	130	31	
21	-42,03 MLWS	43,25	8	36	138	31	
22	-42,28 MLWS	43,50	8	36	146	31	
23	-42,53 MLWS	43,75	8	36	154	31	
24	-42,78 MLWS	44,00	9	36	163	28	
25	-43,03 MLWS	44,25	9	36	172	28	
26	-43,28 MLWS	44,50	9	36	181	28	
27	-43,53 MLWS	44,75	9	36	190	28	
28	-43,78 MLWS	45,00	11	36	201	23	
29	-44,03 MLWS	45,25	10	36	211	25	
30	-44,28 MLWS	45,50	10	36	221	25	
31	-44,53 MLWS	45,75	11	36	232	23	
32	-44,78 MLWS	46,00	12	36	244	21	
33	-45,03 MLWS	46,25	15	36	259	17	
34	-45,28 MLWS	46,50	13	36	272	19	
35	-45,53 MLWS	46,75	12	36	284	21	
36	-45,78 MLWS	47,00	13	36	297	19	
37	-46,03 MLWS	47,25	13	36	310	19	
38	-46,28 MLWS	47,50	15	36	325	17	
39	-46,53 MLWS	47,75	16	36	341	16	
40	-46,78 MLWS	48,00	19	36	360	13	
41	-47,03 MLWS	48,25	17	36	377	15	
42	-47,28 MLWS	48,50	17	36	394	15	
43	-47,53 MLWS	48,75	17	36	411	15	
44	-47,78 MLWS	49,00	19	36	430	13	
45	-48,03 MLWS	49,25	19	36	449	13	
46	-48,28 MLWS	49,50	19	36	468	13	
47	-48,53 MLWS	49,75	19	36	487	13	
48	-48,78 MLWS	50,00	20	36	507	13	
49	-49,03 MLWS	50,25	20	36	527	13	
50	-49,28 MLWS	50,50	20	36	547	13	
51	-49,53 MLWS	50,75	22	36	569	11,4	
52	-49,78 MLWS	51,00	22	36	591	11,4	
53	-50,03 MLWS	51,25	22	36	613	11,4	
54	-50,28 MLWS	51,50	24	36	637	10,4	
55	-50,53 MLWS	51,75	25	36	662	10,0	
56	-50,78 MLWS	52,00	29	36	691	8,6	
57	-51,03 MLWS	52,25	29	36	720	8,6	
58	-51,28 MLWS	52,50	25	40	745	10,0	
59	-51,53 MLWS	52,75	25	44	770	10,0	
60	-51,78 MLWS	53,00	26	44	796	9,6	
61	-52,03 MLWS	53,25	27	44	823	9,3	
62	-52,28 MLWS	53,50	27	44	850	9,3	
63	-52,53 MLWS	53,75	31	44	881	8,1	
64	-52,78 MLWS	54,00	31	46	912	8,1	
65	-53,03 MLWS	54,25	26	50	938	9,6	
66	-53,28 MLWS	54,50	29	50	967	8,6	
67	-53,53 MLWS	54,75	29	50	996	8,6	
68	-53,78 MLWS	55,00	30	55	1.026	8,3	
69	-54,03 MLWS	55,25	28	55	1.054	8,9	
70	-54,28 MLWS	55,50	26	57	1.080	9,6	
71	-54,53 MLWS	55,75	29	59	1.109	8,6	
72	-54,78 MLWS	56,00	32	59	1.141	7,8	
73	-55,03 MLWS	56,25	28	61	1.169	8,9	
74	-55,28 MLWS	56,50	25	61	1.194	10,0	
75	-55,53 MLWS	56,75	32	65	1.226	7,8	
76	-55,78 MLWS	57,00	30	65	1.256	8,3	
77	-56,03 MLWS	57,25	27	69	1.283	9,3	
78	-56,28 MLWS	57,50	29	72	1.312	8,6	
79	-56,53 MLWS	57,75	30	72	1.342	8,3	
80	-56,78 MLWS	58,00	25	72	1.367	10,0	
81	-57,03 MLWS	58,25	28	75	1.395	8,9	
82	-57,28 MLWS	58,50	30	75	1.425	8,3	
83	-57,53 MLWS	58,75	27	85	1.452	9,3	
84	-57,78 MLWS	59,00	27	885	1.479	9,3	
85	-58,03 MLWS	59,25	27	90	1.506	9,3	
86	-58,28 MLWS	59,50	28	100	1.534	8,9	
87	-58,53 MLWS	59,75	28	100	1.562	8,9	
88	-58,78 MLWS	60,00	26	100	1.588	9,6	
89	-59,03 MLWS	60,25	26	100	1.614	9,6	
90	-59,28 MLWS	60,50	25	110	1.639	10,0	
91	-59,53 MLWS	60,75	26	110	1.665	9,6	
92	-59,78 MLWS	61,00	27	110	1.692	9,3	
93	-60,03 MLWS	61,25	27	110	1.719	9,3	
94	-60,28 MLWS	61,50	27	115	1.746	9,3	
95	-60,53 MLWS	61,75	27	120	1.773	9,3	
96	-60,78 MLWS	62,00	27	130	1.800	9,3	
97	-61,03 MLWS	62,25	27	130	1.827	9,3	
98	-61,28 MLWS	62,50	27	130	1.854	9,3	
99	-61,53 MLWS	62,75	25	135	1.879	10,0	
100	-61,78 MLWS	63	27	135	1.906	9,3	
101	-62,03 MLWS	63,25	27	135	1.933	9,3	
102	-62,28 MLWS	63,50	29	140	8,6	1.962	
103	-62,53 MLWS	63,75	29	150	8,6	1.991	
104	-62,78 MLWS	64,00	28	150	8,9	2.019	
105	-63,03 MLWS	64,25	27	155	9,3	2.046	
106	-63,28 MLWS	64,50	25	155	10,0	2.071	
107	-63,53 MLWS	64,75	25	160	10,0	2.096	
108	-63,78 MLWS	65,00	25	165	10,0	2.121	
109	-64,03 MLWS	65,25	27	165	9,3	2.148	
110	-64,28 MLWS	65,50	27	165	9,3	2.175	
111	-64,53 MLWS	65,75	27	170	9,3	2.202	
112	-64,78 MLWS	66,00	27	170	9,3	2.229	
113	-65,03 MLWS	66,25	25	175	10,0	2.254	
114	-65,28 MLWS	66,50	25	175	2.279	10,0	
115	-65,53 MLWS	66,75	25	185	10,0	2.304	
116	-65,78 MLWS	67,00	27	185	9,3	2.331	
117	-66,03 MLWS	67,25	25	185	10,0	2.356	
118	-66,28 MLWS	67,50	27	185	9,3	2.383	
119	-66,53 MLWS	67,75	27	185	9,3	2.410	
120	-66,78 MLWS	68,00	27	190	9,3	2.437	
121	-67,03 MLWS	68,25	27	190	9,3	2.464	
122	-67,28 MLWS	68,50	25	195	10,0	2.489	
123	-67,53 MLWS	68,75	25	205	10,0	2.514	
124	-67,78 MLWS	69,00	24	200	10,4	2.538	
125	-68,03 MLWS	69,25	24	195	2.562	10,4	
126	-68,28 MLWS	69,50	26	180	2.588	9,6	
127	-68,53 MLWS	69,75	30	180	2.618	8,3	
128	-68,78 MLWS	70,00	30	190	2.648	8,3	
