N°	Toe Level	Graduation	Blow_Count	Energy(kJ)	Cumulative_blow_Count	Penetration_per_blow(mm/blow)	comments
1	-38,78 MLWS	39,75					
2	-39,03 MLWS	40,00	6	36	6	42	
3	-39,28 MLWS	40,25	12	36	18	21	
4	-39,53 MLWS	40,50	8	36	26	31	
5	-39,78 MLWS	40,75	8	36	34	31	
6	-40,03 MLWS	41,00	6	36	40	42	
7	-40,28 MLWS	41,25	7	36	47	36	
8	-40,53 MLWS	41,50	8	36	55	31	
9	-40,78 MLWS	41,75	7	36	62	36	
10	-41,03 MLWS	42,00	8	36	70	31	
11	-41,28 MLWS	42,25	8	36	78	31	
12	-41,53 MLWS	42,50	8	36	86	31	
13	-41,78 MLWS	42,75	8	36	94	31	
14	-42,03 MLWS	43,00	8	36	102	31	
15	-42,28 MLWS	43,25	8	36	110	31	
16	-42,53 MLWS	43,50	8	36	118	31	
17	-42,78 MLWS	43,75	9	36	127	28	
18	-43,03 MLWS	44,00	9	36	136	28	
19	-43,28 MLWS	44,25	10	36	146	25	
20	-43,53 MLWS	44,50	10	36	156	25	
21	-43,78 MLWS	44,75	10	36	166	25	
22	-44,03 MLWS	45,00	10	36	176	25	
23	-44,28 MLWS	45,25	10	36	186	25	
24	-44,53 MLWS	45,50	14	36	200	18	
25	-44,78 MLWS	45,75	14	36	214	18	
26	-45,03 MLWS	46,00	13	36	227	19	
27	-45,28 MLWS	46,25	13	36	240	19	
28	-45,53 MLWS	46,50	13	36	253	19	
29	-45,78 MLWS	46,75	15	36	268	17	
30	-46,03 MLWS	47,00	15	36	283	17	
31	-46,28 MLWS	47,25	17	36	300	15	
32	-46,53 MLWS	47,50	16	36	316	16	
33	-46,78 MLWS	47,75	16	36	332	16	
34	-47,03 MLWS	48,00	16	36	348	16	
35	-47,28 MLWS	48,25	16	36	364	16	
36	-47,53 MLWS	48,50	16	36	380	16	
37	-47,78 MLWS	48,75	18	36	398	14	
38	-48,03 MLWS	49,00	18	36	416	14	
39	-48,28 MLWS	49,25	18	36	434	14	
40	-48,53 MLWS	49,50	17	36	451	15	
41	-48,78 MLWS	49,75	18	36	469	14	
42	-49,03 MLWS	50,00	18	36	487	14	
43	-49,28 MLWS	50,25	20	36	507	13	
44	-49,53 MLWS	50,50	20	36	527	13	
45	-49,78 MLWS	50,75	20	36	547	13	
46	-50,03 MLWS	51,00	20	36	567	13	
47	-50,28 MLWS	51,25	24	36	591	10	
48	-50,53 MLWS	51,50	23	36	614	11	
49	-50,78 MLWS	51,75	20	41	634	13	
50	-51,03 MLWS	52,00	20	41	654	13	
51	-51,28 MLWS	52,25	20	41	674	12,5	
52	-51,53 MLWS	52,50	24	41	698	10,4	
53	-51,78 MLWS	52,75	24	41	722	10,4	
54	-52,03 MLWS	53,00	26	41	748	9,6	
55	-52,28 MLWS	53,25	26	41	774	9,6	
56	-52,53 MLWS	53,50	29	41	803	8,6	
57	-52,78 MLWS	53,75	29	41	832	8,6	
58	-53,03 MLWS	54,00	32	45	864	7,8	
59	-53,28 MLWS	54,25	32	45	896	7,8	
60	-53,53 MLWS	54,50	22	46	918	11,4	
61	-53,78 MLWS	54,75	22	46	940	11,4	
62	-54,03 MLWS	55,00	28	46	968	8,9	
63	-54,28 MLWS	55,25	28	46	996	8,9	
64	-54,53 MLWS	55,50	28	56	1.024	8,9	
65	-54,78 MLWS	55,75	28	56	1.052	8,9	
66	-55,03 MLWS	56,00	28	56	1.080	8,9	
67	-55,28 MLWS	56,25	28	56	1.108	8,9	
68	-55,53 MLWS	56,50	27	60	1.135	9,3	
69	-55,78 MLWS	56,75	27	60	1.162	9,3	
70	-56,03 MLWS	57,00	27	63	1.189	9,3	
71	-56,28 MLWS	57,25	30	63	1.219	8,3	
72	-56,53 MLWS	57,50	28	37	1.247	8,9	
73	-56,78 MLWS	57,75	27	37	1.274	9,3	
74	-57,03 MLWS	58,00	25	72	1.299	10,0	
75	-57,28 MLWS	58,25	27	72	1.326	9,3	
76	-57,53 MLWS	58,50	22	72	1.348	11,4	
77	-57,78 MLWS	58,75	23	72	1.371	10,9	
78	-58,03 MLWS	59,00	23	72	1.394	10,9	
79	-58,28 MLWS	59,25	28	72	1.422	8,9	
80	-58,53 MLWS	59,50	28	80	1.450	8,9	
81	-58,78 MLWS	59,75	24	90	1.474	10,4	
82	-59,03 MLWS	60,00	24	90	1.498	10,4	
83	-59,28 MLWS	60,25	24	90	1.522	10,4	
84	-59,53 MLWS	60,50	24	85	1.546	10,4	
85	-59,78 MLWS	60,75	31	95	1.577	8,1	
86	-60,03 MLWS	61,00	28	95	1.605	8,9	
87	-60,28 MLWS	61,25	25	95	1.630	10,0	
88	-60,53 MLWS	61,50	24	100	1.654	10,4	
89	-60,78 MLWS	61,75	25	100	1.679	10,0	
90	-61,03 MLWS	62,00	27	100	1.706	9,3	
91	-61,28 MLWS	62,25	27	100	1.733	9,3	
92	-61,53 MLWS	62,50	27	110	1.760	9,3	
93	-61,78 MLWS	62,75	28	110	1.788	8,9	
94	-62,03 MLWS	63,00	31	110	1.819	8,1	
95	-62,28 MLWS	63,25	26	120	1.845	9,6	
96	-62,53 MLWS	63,50	28	120	1.873	8,9	
97	-62,78 MLWS	63,75	25	125	1.898	10,0	
98	-63,03 MLWS	64,00	25	125	1.923	10,0	
99	-63,28 MLWS	64,25	25	125	1.948	10,0	
100	-63,53 MLWS	64,5	28	125	1.976	8,9	
101	-63,78 MLWS	64,75	25	135	2.001	10,0	
102	-64,03 MLWS	65,00	28	145	8,9	2.029	
103	-64,28 MLWS	65,25	27	140	9,3	2.056	
104	-64,53 MLWS	65,50	25	145	10,0	2.081	
105	-64,78 MLWS	65,75	25	145	10,0	2.106	
106	-65,03 MLWS	66,00	25	145	10,0	2.131	
107	-65,28 MLWS	66,25	26	155	9,6	2.157	
108	-65,53 MLWS	66,50	25	155	10,0	2.182	
109	-65,78 MLWS	66,75	24	160	10,4	2.206	
110	-66,03 MLWS	67,00	24	155	10,4	2.230	
111	-66,28 MLWS	67,25	26	155	9,6	2.256	
112	-66,53 MLWS	67,50	27	155	9,3	2.283	
113	-66,78 MLWS	67,75	27	155	9,3	2.310	
114	-67,03 MLWS	68,00	27	155	2.337	9,3	
115	-67,28 MLWS	68,25	27	155	9,3	2.364	
116	-67,53 MLWS	68,50	27	165	9,3	2.391	
117	-67,78 MLWS	68,75	26	170	9,6	2.417	
118	-68,03 MLWS	69,00	22	170	11,4	2.439	
119	-68,28 MLWS	69,25	24	160	10,4	2.463	
120	-68,53 MLWS	69,50	26	160	9,6	2.489	
121	-68,78 MLWS	69,75	30	160	8,3	2.519	
122	-69,03 MLWS	70,00	38	170	6,6	2.557	
