N°	Toe Level	Graduation	Blow_Count	Energy(kJ)	Cumulative_blow_Count	Penetration_per_blow(mm/blow)	comments
1	-38,48 MLWS	39,50					
2	-38,73 MLWS	39,75	2	36	2	125	
3	-38,98 MLWS	40,00	2	36	4	125	
4	-39,23 MLWS	40,25	13	36	17	19	
5	-39,48 MLWS	40,50	11	36	28	23	
6	-39,73 MLWS	40,75	10	36	38	25	
7	-39,98 MLWS	41,00	10	36	48	25	
8	-40,23 MLWS	41,25	10	36	58	25	
9	-40,48 MLWS	41,50	8	36	66	31	
10	-40,73 MLWS	41,75	9	36	75	28	
11	-40,98 MLWS	42,00	9	36	84	28	
12	-41,23 MLWS	42,25	9	36	93	28	
13	-41,48 MLWS	42,50	9	36	102	28	
14	-41,73 MLWS	42,75	8	36	110	31	
15	-41,98 MLWS	43,00	9	36	119	28	
16	-42,23 MLWS	43,25	9	36	128	28	
17	-42,48 MLWS	43,50	10	36	138	25	
18	-42,73 MLWS	43,75	10	36	148	25	
19	-42,98 MLWS	44,00	9	36	157	28	
20	-43,23 MLWS	44,25	9	36	166	28	
21	-43,48 MLWS	44,50	9	36	175	28	
22	-43,73 MLWS	44,75	11	36	186	23	
23	-43,98 MLWS	45,00	11	36	197	23	
24	-44,23 MLWS	45,25	11	36	208	23	
25	-44,48 MLWS	45,50	12	36	220	21	
26	-44,73 MLWS	45,75	12	36	232	21	
27	-44,98 MLWS	46,00	13	36	245	19	
28	-45,23 MLWS	46,25	13	36	258	19	
29	-45,48 MLWS	46,50	13	36	271	19	
30	-45,73 MLWS	46,75	15	36	286	17	
31	-45,98 MLWS	47,00	15	36	301	17	
32	-46,23 MLWS	47,25	15	36	316	17	
33	-46,48 MLWS	47,50	15	36	331	17	
34	-46,73 MLWS	47,75	19	36	350	13	
35	-46,98 MLWS	48,00	19	36	369	13	
36	-47,23 MLWS	48,25	18	36	387	14	
37	-47,48 MLWS	48,50	18	36	405	14	
38	-47,73 MLWS	48,75	18	36	423	14	
39	-47,98 MLWS	49,00	18	36	441	14	
40	-48,23 MLWS	49,25	18	36	459	14	
41	-48,48 MLWS	49,50	18	36	477	14	
42	-48,73 MLWS	49,75	19	36	496	13	
43	-48,98 MLWS	50,00	18	36	514	14	
44	-49,23 MLWS	50,25	22	36	536	11	
45	-49,48 MLWS	50,50	21	36	557	12	
46	-49,73 MLWS	50,75	21	36	578	12	
47	-49,98 MLWS	51,00	21	36	599	12	
48	-50,23 MLWS	51,25	21	36	620	12	
49	-50,48 MLWS	51,50	21	36	641	12	
50	-50,73 MLWS	51,75	25	36	666	10	
51	-50,98 MLWS	52,00	25	36	691	10,0	
52	-51,23 MLWS	52,25	25	36	716	10,0	
53	-51,48 MLWS	52,50	25	36	741	10,0	
54	-51,73 MLWS	52,75	25	36	766	10,0	
55	-51,98 MLWS	53,00	25	41	791	10,0	
56	-52,23 MLWS	53,25	28	41	819	8,9	
57	-52,48 MLWS	53,50	28	41	847	8,9	
58	-52,73 MLWS	53,75	28	41	875	8,9	
59	-52,98 MLWS	54,00	26	44	901	9,6	
60	-53,23 MLWS	54,25	26	44	927	9,6	
61	-53,48 MLWS	54,50	28	48	955	8,9	
62	-53,73 MLWS	54,75	28	52	983	8,9	
63	-53,98 MLWS	55,00	28	52	1.011	8,9	
64	-54,23 MLWS	55,25	28	52	1.039	8,9	
65	-54,48 MLWS	55,50	24	56	1.063	10,4	
66	-54,73 MLWS	55,75	24	56	1.087	10,4	
67	-54,98 MLWS	56,00	26	59	1.113	9,6	
68	-55,23 MLWS	56,25	26	63	1.139	9,6	
69	-55,48 MLWS	56,50	26	63	1.165	9,6	
70	-55,73 MLWS	56,75	29	66	1.194	8,6	
71	-55,98 MLWS	57,00	29	66	1.223	8,6	
72	-56,23 MLWS	57,25	29	66	1.252	8,6	
73	-56,48 MLWS	57,50	29	66	1.281	8,6	
74	-56,73 MLWS	57,75	29	70	1.310	8,6	
75	-56,98 MLWS	58,00	35	72	1.345	7,1	
76	-57,23 MLWS	58,25	35	72	1.380	7,1	
77	-57,48 MLWS	58,50	29	72	1.409	8,6	
78	-57,73 MLWS	58,75	26	85	1.435	9,6	
79	-57,98 MLWS	59,00	26	90	1.461	9,6	
80	-58,23 MLWS	59,25	25	100	1.486	10,0	
81	-58,48 MLWS	59,50	26	100	1.512	9,6	
82	-58,73 MLWS	59,75	26	100	1.538	9,6	
83	-58,98 MLWS	60,00	24	110	1.562	10,4	
84	-59,23 MLWS	60,25	25	110	1.587	10,0	
85	-59,48 MLWS	60,50	24	115	1.611	10,4	
86	-59,73 MLWS	60,75	27	115	1.638	9,3	
87	-59,98 MLWS	61,00	33	120	1.671	7,6	
88	-60,23 MLWS	61,25	29	120	1.700	8,6	
89	-60,48 MLWS	61,50	28	125	1.728	8,9	
90	-60,73 MLWS	61,75	28	125	1.756	8,9	
91	-60,98 MLWS	62,00	28	135	1.784	8,9	
92	-61,23 MLWS	62,25	28	135	1.812	8,9	
93	-61,48 MLWS	62,50	27	145	1.839	9,3	
94	-61,73 MLWS	62,75	26	145	1.865	9,6	
95	-61,98 MLWS	63,00	26	145	1.891	9,6	
96	-62,23 MLWS	63,25	26	145	1.917	9,6	
97	-62,48 MLWS	63,50	29	155	1.946	8,6	
98	-62,73 MLWS	63,75	29	160	1.975	8,6	
99	-62,98 MLWS	64,00	28	170	2.003	8,9	
100	-63,23 MLWS	64,25	26	170	2.029	9,6	
101	-63,48 MLWS	64,50	25	175	2.054	10,0	
102	-63,73 MLWS	64,75	25	175	10,0	2.079	
103	-63,98 MLWS	65,00	25	175	10,0	2.104	
104	-64,23 MLWS	65,25	26	175	9,6	2.130	
105	-64,48 MLWS	65,50	26	170	9,6	2.156	
106	-64,73 MLWS	65,75	27	175	9,3	2.183	
107	-64,98 MLWS	66,00	27	175	9,3	2.210	
108	-65,23 MLWS	66,25	25	175	10,0	2.235	
109	-65,48 MLWS	66,50	25	175	10,0	2.260	
110	-65,73 MLWS	66,75	28	180	8,9	2.288	
111	-65,98 MLWS	67,00	27	180	9,3	2.315	
112	-66,23 MLWS	67,25	27	180	9,3	2.342	
113	-66,48 MLWS	67,50	25	180	10,0	2.367	
114	-66,73 MLWS	67,75	25	180	2.392	10,0	
115	-66,98 MLWS	68,00	25	180	10,0	2.417	
116	-67,23 MLWS	68,25	24	180	10,4	2.441	
117	-67,48 MLWS	68,50	27	180	9,3	2.468	
118	-67,73 MLWS	68,75	26	180	9,6	2.494	
119	-67,98 MLWS	69,00	26	185	9,6	2.520	
120	-68,23 MLWS	69,25	26	190	9,6	2.546	
121	-68,48 MLWS	69,50	29	190	8,6	2.575	
122	-68,73 MLWS	69,75	31	190	8,1	2.606	
