N°	Toe Level	Graduation	Blow_Count	Energy(kJ)	Cumulative_blow_Count	Penetration_per_blow(mm/blow)	comments
1	-37,80 MLWS	39,00					
2	-38,05 MLWS	39,25	7	36	7	36	
3	-38,30 MLWS	39,50	7	36	14	36	
4	-38,55 MLWS	39,75	7	36	21	36	
5	-38,80 MLWS	40,00	7	36	28	36	
6	-39,05 MLWS	40,25	7	36	35	36	
7	-39,30 MLWS	40,50	7	36	42	36	
8	-39,55 MLWS	40,75	7	36	49	36	
9	-39,80 MLWS	41,00	7	36	56	36	
10	-40,05 MLWS	41,25	7	36	63	36	
11	-40,30 MLWS	41,50	7	36	70	36	
12	-40,55 MLWS	41,75	7	36	77	36	
13	-40,80 MLWS	42,00	7	36	84	36	
14	-41,05 MLWS	42,25	7	36	91	36	
15	-41,30 MLWS	42,50	7	36	98	36	
16	-41,55 MLWS	42,75	7	36	105	36	
17	-41,80 MLWS	43,00	7	36	112	36	
18	-42,05 MLWS	43,25	7	36	119	36	
19	-42,30 MLWS	43,50	8	36	127	31	
20	-42,55 MLWS	43,75	8	36	135	31	
21	-42,80 MLWS	44,00	8	36	143	31	
22	-43,05 MLWS	44,25	8	36	151	31	
23	-43,30 MLWS	44,50	8	36	159	31	
24	-43,55 MLWS	44,75	8	36	167	31	
25	-43,80 MLWS	45,00	8	36	175	31	
26	-44,05 MLWS	45,25	8	36	183	31	
27	-44,30 MLWS	45,50	8	36	191	31	
28	-44,55 MLWS	45,75	8	36	199	31	
29	-44,80 MLWS	46,00	8	36	207	31	
30	-45,05 MLWS	46,25	8	36	215	31	
31	-45,30 MLWS	46,50	8	36	223	31	
32	-45,55 MLWS	46,75	8	36	231	31	
33	-45,80 MLWS	47,00	9	36	240	28	
34	-46,05 MLWS	47,25	9	36	249	28	
35	-46,30 MLWS	47,50	9	36	258	28	
36	-46,55 MLWS	47,75	9	36	267	28	
37	-46,80 MLWS	48,00	13	36	280	19	
38	-47,05 MLWS	48,25	13	36	293	19	
39	-47,30 MLWS	48,50	13	36	306	19	
40	-47,55 MLWS	48,75	13	36	319	19	
41	-47,80 MLWS	49,00	15	36	334	17	
42	-48,05 MLWS	49,25	15	36	349	17	
43	-48,30 MLWS	49,50	15	36	364	17	
44	-48,55 MLWS	49,75	15	36	379	17	
45	-48,80 MLWS	50,00	15	36	394	17	
46	-49,05 MLWS	50,25	15	36	409	17	
47	-49,30 MLWS	50,50	15	36	424	17	
48	-49,55 MLWS	50,75	15	36	439	17	
49	-49,80 MLWS	51,00	15	36	454	17	
50	-50,05 MLWS	51,25	15	36	469	17	
51	-50,30 MLWS	51,50	15	36	484	16,7	
52	-50,55 MLWS	51,75	18	36	502	13,9	
53	-50,80 MLWS	52,00	18	36	520	13,9	
54	-51,05 MLWS	52,25	18	36	538	13,9	
55	-51,30 MLWS	52,50	18	36	556	13,9	
56	-51,55 MLWS	52,75	20	40	576	12,5	
57	-51,80 MLWS	53,00	20	40	596	12,5	
58	-52,05 MLWS	53,25	20	40	616	12,5	
59	-52,30 MLWS	53,50	20	40	636	12,5	
60	-52,55 MLWS	53,75	20	40	656	12,5	
61	-52,80 MLWS	54,00	20	40	676	12,5	
62	-53,05 MLWS	54,25	25	40	701	10,0	
63	-53,30 MLWS	54,50	25	60	726	10,0	
64	-53,55 MLWS	54,75	25	60	751	10,0	
65	-53,80 MLWS	55,00	25	60	776	10,0	
66	-54,05 MLWS	55,25	25	70	801	10,0	
67	-54,30 MLWS	55,50	25	70	826	10,0	
68	-54,55 MLWS	55,75	25	70	851	10,0	
69	-54,80 MLWS	56,00	25	70	876	10,0	
70	-55,05 MLWS	56,25	25	70	901	10,0	
71	-55,30 MLWS	56,50	25	75	926	10,0	
72	-55,55 MLWS	56,75	25	75	951	10,0	
73	-55,80 MLWS	57,00	22	75	973	11,4	
74	-56,05 MLWS	57,25	22	75	995	11,4	
75	-56,30 MLWS	57,50	22	80	1.017	11,4	
76	-56,55 MLWS	57,75	22	90	1.039	11,4	
77	-56,80 MLWS	58,00	22	90	1.061	11,4	
78	-57,05 MLWS	58,25	22	90	1.083	11,4	
79	-57,30 MLWS	58,50	22	90	1.105	11,4	
80	-57,55 MLWS	58,75	22	90	1.127	11,4	
81	-57,80 MLWS	59,00	22	90	1.149	11,4	
82	-58,05 MLWS	59,25	22	100	1.171	11,4	
83	-58,30 MLWS	59,50	22	100	1.193	11,4	
84	-58,55 MLWS	59,75	24	110	1.217	10,4	
85	-58,80 MLWS	60,00	24	110	1.241	10,4	
86	-59,05 MLWS	60,25	24	110	1.265	10,4	
87	-59,30 MLWS	60,50	24	110	1.289	10,4	
88	-59,55 MLWS	60,75	24	110	1.313	10,4	
89	-59,80 MLWS	61,00	24	110	1.337	10,4	
90	-60,05 MLWS	61,25	24	110	1.361	10,4	
91	-60,30 MLWS	61,50	24	110	1.385	10,4	
92	-60,55 MLWS	61,75	24	110	1.409	10,4	
93	-60,80 MLWS	62,00	25	130	1.434	10,0	
94	-61,05 MLWS	62,25	25	130	1.459	10,0	
95	-61,30 MLWS	62,50	25	140	1.484	10,0	
96	-61,55 MLWS	62,75	25	140	1.509	10,0	
97	-61,80 MLWS	63,00	25	140	1.534	10,0	
98	-62,05 MLWS	63,25	25	140	1.559	10,0	
99	-62,30 MLWS	63,50	25	160	1.584	10,0	
100	-62,55 MLWS	63,75	25	160	1.609	10,0	
101	-62,80 MLWS	64,00	25	160	1.634	10,0	
102	-63,05 MLWS	64,25	25	180	10,0	1.659	
103	-63,30 MLWS	64,50	25	180	10,0	1.684	
104	-63,55 MLWS	64,75	25	180	10,0	1.709	
105	-63,80 MLWS	65,00	23	190	10,9	1.732	
106	-64,05 MLWS	65,25	23	190	10,9	1.755	
107	-64,30 MLWS	65,50	23	190	10,9	1.778	
108	-64,55 MLWS	65,75	23	190	10,9	1.801	
109	-64,80 MLWS	66,00	23	200	10,9	1.824	
110	-65,05 MLWS	66,25	23	210	10,9	1.847	
111	-65,30 MLWS	66,50	28	220	8,9	1.875	
112	-65,55 MLWS	66,75	28	220	8,9	1.903	
113	-65,80 MLWS	67,00	28	230	8,9	1.931	
114	-66,05 MLWS	67,25	28	230	1.959	8,9	
115	-66,30 MLWS	67,50	28	230	8,9	1.987	
116	-66,55 MLWS	67,75	28	230	8,9	2.015	
117	-66,80 MLWS	68,00	28	240	8,9	2.043	
118	-67,05 MLWS	68,25	28	240	8,9	2.071	
119	-67,30 MLWS	68,50	28	240	8,9	2.099	
120	-67,55 MLWS	68,75	30	240	8,3	2.129	
121	-67,80 MLWS	69,00	30	240	8,3	2.159	
122	-68,05 MLWS	69,25	30	240	8,3	2.189	
123	-68,30 MLWS	69,50	24	240	10,4	2.213	
124	-68,55 MLWS	69,75	24	240	10,4	2.237	
125	-68,80 MLWS	70,00	24	240	2.261	10,4	
126	-69,05 MLWS	70,25	24	240	2.285	10,4	
127	-69,30 MLWS	70,50	24	240	2.309	10,4	
128	-69,55 MLWS	70,75	24	240	2.333	10,4	
129	-69,80 MLWS	71,00	19	240	2.352	13,2	
