N°	Toe Level	Graduation	Blow_Count	Energy(kJ)	Cumulative_blow_Count	Penetration_per_blow(mm/blow)	comments
1	-41,80 MLWS	43,25					
2	-42,05 MLWS	43,50	7	36	7	36	
3	-42,30 MLWS	43,75	9	36	16	28	
4	-42,55 MLWS	44,00	7	36	23	36	
5	-42,80 MLWS	44,25	8	36	31	31	
6	-43,05 MLWS	44,50	8	36	39	31	
7	-43,30 MLWS	44,75	8	36	47	31	
8	-43,55 MLWS	45,00	7	36	54	36	
9	-43,80 MLWS	45,25	8	36	62	31	
10	-44,05 MLWS	45,50	8	36	70	31	
11	-44,30 MLWS	45,75	8	36	78	31	
12	-44,55 MLWS	46,00	8	36	86	31	
13	-44,80 MLWS	46,25	8	36	94	31	
14	-45,05 MLWS	46,50	8	36	102	31	
15	-45,30 MLWS	46,75	8	36	110	31	
16	-45,55 MLWS	47,00	9	36	119	28	
17	-45,80 MLWS	47,25	9	36	128	28	
18	-46,05 MLWS	47,50	9	36	137	28	
19	-46,30 MLWS	47,75	11	36	148	23	
20	-46,55 MLWS	48,00	11	36	159	23	
21	-46,80 MLWS	48,25	11	36	170	23	
22	-47,05 MLWS	48,50	11	36	181	23	
23	-47,30 MLWS	48,75	12	36	193	21	
24	-47,55 MLWS	49,00	16	36	209	16	
25	-47,80 MLWS	49,25	22	36	231	11	
26	-48,05 MLWS	49,50	28	36	259	9	
27	-48,30 MLWS	49,75	30	40	289	8	
28	-48,55 MLWS	50,00	30	60	319	8	
29	-48,80 MLWS	50,25	32	64	351	8	
30	-49,05 MLWS	50,50	36	67	387	7	
31	-49,30 MLWS	50,75	36	59	423	7	
32	-49,55 MLWS	51,00	32	57	455	8	
33	-49,80 MLWS	51,25	36	71	491	7	
34	-50,05 MLWS	51,50	36	72	527	7	
35	-50,30 MLWS	51,75	36	72	563	7	
36	-50,55 MLWS	52,00	30	90	593	8	
37	-50,80 MLWS	52,25	28	100	621	9	
38	-51,05 MLWS	52,50	26	110	647	10	
39	-51,30 MLWS	52,75	24	110	671	10	
40	-51,55 MLWS	53,00	24	110	695	10	
41	-51,80 MLWS	53,25	22	110	717	11	
42	-52,05 MLWS	53,50	22	100	739	11	
43	-52,30 MLWS	53,75	24	105	763	10	
44	-52,55 MLWS	54,00	26	110	789	10	
45	-52,80 MLWS	54,25	30	110	819	8	
46	-53,05 MLWS	54,50	28	110	847	9	
47	-53,30 MLWS	54,75	26	110	873	10	
48	-53,55 MLWS	55,00	24	105	897	10	
49	-53,80 MLWS	55,25	26	105	923	10	
50	-54,05 MLWS	55,50	24	105	947	10	
51	-54,30 MLWS	55,75	24	100	971	10,4	
52	-54,55 MLWS	56,00	24	100	995	10,4	
53	-54,80 MLWS	56,25	26	95	1.021	9,6	
54	-55,05 MLWS	56,50	26	95	1.047	9,6	
55	-55,30 MLWS	56,75	26	95	1.073	9,6	
56	-55,55 MLWS	57,00	26	90	1.099	9,6	
57	-55,80 MLWS	57,25	24	90	1.123	10,4	
58	-56,05 MLWS	57,50	20	80	1.143	12,5	
59	-56,30 MLWS	57,75	24	80	1.167	10,4	
60	-56,55 MLWS	58,00	24	80	1.191	10,4	
61	-56,80 MLWS	58,25	24	80	1.215	10,4	
62	-57,05 MLWS	58,50	22	80	1.237	11,4	
63	-57,30 MLWS	58,75	22	80	1.259	11,4	
64	-57,55 MLWS	59,00	24	80	1.283	10,4	
65	-57,80 MLWS	59,25	24	80	1.307	10,4	
66	-58,05 MLWS	59,50	24	80	1.331	10,4	
67	-58,30 MLWS	59,75	24	80	1.355	10,4	
68	-58,55 MLWS	60,00	24	80	1.379	10,4	
69	-58,80 MLWS	60,25	24	80	1.403	10,4	
70	-59,05 MLWS	60,50	24	80	1.427	10,4	
71	-59,30 MLWS	60,75	28	80	1.455	8,9	
72	-59,55 MLWS	61,00	26	90	1.481	9,6	
73	-59,80 MLWS	61,25	26	90	1.507	9,6	
74	-60,05 MLWS	61,50	24	90	1.531	10,4	
75	-60,30 MLWS	61,75	24	90	1.555	10,4	
76	-60,55 MLWS	62,00	24	90	1.579	10,4	
77	-60,80 MLWS	62,25	24	90	1.603	10,4	
78	-61,05 MLWS	62,50	24	90	1.627	10,4	
79	-61,30 MLWS	62,75	20	90	1.647	12,5	
80	-61,55 MLWS	63,00	18	90	1.665	13,9	
81	-61,80 MLWS	63,25	18	80	1.683	13,9	
82	-62,05 MLWS	63,50	22	80	1.705	11,4	
83	-62,30 MLWS	63,75	22	80	1.727	11,4	
84	-62,55 MLWS	64,00	22	80	1.749	11,4	
85	-62,80 MLWS	64,25	24	80	1.773	10,4	
86	-63,05 MLWS	64,50	22	80	1.795	11,4	
87	-63,30 MLWS	64,75	24	80	1.819	10,4	
88	-63,55 MLWS	65,00	24	90	1.843	10,4	
89	-63,80 MLWS	65,25	26	90	1.869	9,6	
90	-64,05 MLWS	65,50	26	95	1.895	9,6	
91	-64,30 MLWS	65,75	26	95	1.921	9,6	
92	-64,55 MLWS	66,00	26	100	1.947	9,6	
93	-64,80 MLWS	66,25	26	100	1.973	9,6	
94	-65,05 MLWS	66,50	30	105	2.003	8,3	
95	-65,30 MLWS	66,75	28	110	2.031	8,9	
96	-65,55 MLWS	67,00	28	115	2.059	8,9	
97	-65,80 MLWS	67,25	28	115	2.087	8,9	
98	-66,05 MLWS	67,50	30	120	2.117	8,3	
99	-66,30 MLWS	67,75	32	125	2.149	7,8	
100	-66,55 MLWS	68,00	30	130	2.179	8,3	
101	-66,80 MLWS	68,25	30	135	2.209	8,3	
102	-67,05 MLWS	68,50	28	140	2.237	8,9	
103	-67,30 MLWS	68,75	28	145	2.265	8,9	
104	-67,55 MLWS	69,00	26	150	2.291	9,6	
105	-67,80 MLWS	69,25	26	155	2.317	9,6	
106	-68,05 MLWS	69,50	26	160	2.343	9,6	
107	-68,30 MLWS	69,75	26	160	2.369	9,6	
108	-68,55 MLWS	70,00	28	165	2.397	8,9	
109	-68,80 MLWS	70,25	26	170	2.423	9,6	
110	-69,05 MLWS	70,50	26	170	2.449	9,6	
111	-69,30 MLWS	70,75	28	175	2.477	8,9	
112	-69,55 MLWS	71,00	26	175	2.503	9,6	
113	-69,80 MLWS	71,25	26	170	2.529	9,6	
114	-70,05 MLWS	71,50	30	175	2.559	8,3	
115	-70,30 MLWS	71,75	30	180	2.589	8,3	
116	-70,55 MLWS	72,00	28	185	2.617	8,9	
117	-70,80 MLWS	72,25	28	190	2.645	8,9	
118	-71,05 MLWS	72,50	28	195	2.673	8,9	
119	-71,30 MLWS	72,75	26	200	2.699	9,6	
120	-71,55 MLWS	73,00	26	200	2.725	9,6	
121	-71,80 MLWS	73,25	28	205	2.753	8,9	
122	-72,05 MLWS	73,50	30	205	2.783	8,3	
123	-72,30 MLWS	73,75	30	210	2.813	8,3	
124	-72,55 MLWS	74,00	30	210	2.843	8,3	
125	-72,80 MLWS	74,25	30	215	2.873	8,3	
126	-73,05 MLWS	74,50	28	220	2.901	8,9	
127	-73,30 MLWS	74,75	28	220	2.929	8,9	
128	-73,55 MLWS	75,00	24	220	2.953	10,4	
129	-73,80 MLWS	75,25	24	220	2.977	10,4	
130	-74,05 MLWS	75,50	20	220	2.997	12,5	
131	-74,30 MLWS	75,75	22	220	3.019	11,4	
132	-74,55 MLWS	76,00	22	215	3.041	11,4	
133	-74,80 MLWS	76,25	24	220	3.065	10,4	
134	-75,05 MLWS	76,50	24	220	3.089	10,4	
135	-75,30 MLWS	76,75	26	225	3.115	9,6	
136	-75,55 MLWS	77,00	26	225	3.141	9,6	
137	-75,80 MLWS	77,25	28	225	3.169	8,9	
138	-76,05 MLWS	77,50	28	225	3.197	8,9	
139	-76,30 MLWS	77,75	30	225	3.227	8,3	
140	-76,55 MLWS	78,00	30	230	3.257	8,3	
141	-76,80 MLWS	78,25	28	235	3.285	8,9	
142	-77,05 MLWS	78,50	28	235	3.313	8,9	
143	-77,30 MLWS	78,75	25	240	3.338	10,0	
