N°	Toe Level	Graduation	Blow_Count	Energy(kJ)	Cumulative_blow_Count	Penetration_per_blow(mm/blow)	comments
1	-42,15 MLWS	43,25					
2	-42,40 MLWS	43,50	6	36	6	42	
3	-42,65 MLWS	43,75	11	36	17	23	
4	-42,90 MLWS	44,00	7	36	24	36	
5	-43,15 MLWS	44,25	8	36	32	31	
6	-43,40 MLWS	44,50	7	36	39	36	
7	-43,65 MLWS	44,75	8	36	47	31	
8	-43,90 MLWS	45,00	7	36	54	36	
9	-44,15 MLWS	45,25	7	36	61	36	
10	-44,40 MLWS	45,50	7	36	68	36	
11	-44,65 MLWS	45,75	8	36	76	31	
12	-44,90 MLWS	46,00	7	36	83	36	
13	-45,15 MLWS	46,25	8	36	91	31	
14	-45,40 MLWS	46,50	7	36	98	36	
15	-45,65 MLWS	46,75	8	36	106	31	
16	-45,90 MLWS	47,00	8	36	114	31	
17	-46,15 MLWS	47,25	9	36	123	28	
18	-46,40 MLWS	47,50	9	36	132	28	
19	-46,65 MLWS	47,75	9	36	141	28	
20	-46,90 MLWS	48,00	11	36	152	23	
21	-47,15 MLWS	48,25	20	36	172	13	
22	-47,40 MLWS	48,50	20	36	192	13	
23	-47,65 MLWS	48,75	28	36	220	9	
24	-47,90 MLWS	49,00	30	36	250	8	
25	-48,15 MLWS	49,25	28	44	278	9	
26	-48,40 MLWS	49,50	28	52	306	9	
27	-48,65 MLWS	49,75	29	56	335	9	
28	-48,90 MLWS	50,00	27	65	362	9	
29	-49,15 MLWS	50,25	24	65	386	10	
30	-49,40 MLWS	50,50	31	65	417	8	
31	-49,65 MLWS	50,75	26	90	443	10	
32	-49,90 MLWS	51,00	18	85	461	14	
33	-50,15 MLWS	51,25	24	85	485	10	
34	-50,40 MLWS	51,50	25	90	510	10	
35	-50,65 MLWS	51,75	28	90	538	9	
36	-50,90 MLWS	52,00	26	90	564	10	
37	-51,15 MLWS	52,25	26	90	590	10	
38	-51,40 MLWS	52,50	27	90	617	9	
39	-51,65 MLWS	52,75	27	90	644	9	
40	-51,90 MLWS	53,00	30	100	674	8	
41	-52,15 MLWS	53,25	29	110	703	9	
42	-52,40 MLWS	53,50	25	120	728	10	
43	-52,65 MLWS	53,75	23	120	751	11	
44	-52,90 MLWS	54,00	22	120	773	11	
45	-53,15 MLWS	54,25	22	120	795	11	
46	-53,40 MLWS	54,50	21	115	816	12	
47	-53,65 MLWS	54,75	19	115	835	13	
48	-53,90 MLWS	55,00	19	115	854	13	
49	-54,15 MLWS	55,25	19	95	873	13	
50	-54,40 MLWS	55,50	21	95	894	12	
51	-54,65 MLWS	55,75	21	95	915	11,9	
52	-54,90 MLWS	56,00	23	95	938	10,9	
53	-55,15 MLWS	56,25	24	95	962	10,4	
54	-55,40 MLWS	56,50	24	95	986	10,4	
55	-55,65 MLWS	56,75	26	68	1.012	9,6	
56	-55,90 MLWS	57,00	28	68	1.040	8,9	
57	-56,15 MLWS	57,25	28	68	1.068	8,9	
58	-56,40 MLWS	57,50	28	68	1.096	8,9	
59	-56,65 MLWS	57,75	26	68	1.122	9,6	
60	-56,90 MLWS	58,00	23	68	1.145	10,9	
61	-57,15 MLWS	58,25	26	68	1.171	9,6	
62	-57,40 MLWS	58,50	26	68	1.197	9,6	
63	-57,65 MLWS	58,75	26	68	1.223	9,6	
64	-57,90 MLWS	59,00	26	68	1.249	9,6	
65	-58,15 MLWS	59,25	26	68	1.275	9,6	
66	-58,40 MLWS	59,50	26	68	1.301	9,6	
67	-58,65 MLWS	59,75	26	68	1.327	9,6	
68	-58,90 MLWS	60,00	26	68	1.353	9,6	
69	-59,15 MLWS	60,25	26	68	1.379	9,6	
70	-59,40 MLWS	60,50	28	68	1.407	8,9	
71	-59,65 MLWS	60,75	28	68	1.435	8,9	
72	-59,90 MLWS	61,00	28	68	1.463	8,9	
73	-60,15 MLWS	61,25	28	68	1.491	8,9	
74	-60,40 MLWS	61,50	32	68	1.523	7,8	
75	-60,65 MLWS	61,75	31	80	1.554	8,1	
76	-60,90 MLWS	62,00	31	90	1.585	8,1	
77	-61,15 MLWS	62,25	28	110	1.613	8,9	
78	-61,40 MLWS	62,50	28	120	1.641	8,9	
79	-61,65 MLWS	62,75	26	130	1.667	9,6	
80	-61,90 MLWS	63,00	28	140	1.695	8,9	
81	-62,15 MLWS	63,25	26	140	1.721	9,6	
82	-62,40 MLWS	63,50	23	140	1.744	10,9	
83	-62,65 MLWS	63,75	23	140	1.767	10,9	
84	-62,90 MLWS	64,00	23	135	1.790	10,9	
85	-63,15 MLWS	64,25	21	135	1.811	11,9	
86	-63,40 MLWS	64,50	23	135	1.834	10,9	
87	-63,65 MLWS	64,75	23	135	1.857	10,9	
88	-63,90 MLWS	65,00	21	135	1.878	11,9	
89	-64,15 MLWS	65,25	23	120	1.901	10,9	
90	-64,40 MLWS	65,50	23	115	1.924	10,9	
91	-64,65 MLWS	65,75	26	115	1.950	9,6	
92	-64,90 MLWS	66,00	26	115	1.976	9,6	
93	-65,15 MLWS	66,25	22	110	1.998	11,4	
94	-65,40 MLWS	66,50	22	110	2.020	11,4	
95	-65,65 MLWS	66,75	25	110	2.045	10,0	
96	-65,90 MLWS	67,00	28	115	2.073	8,9	
97	-66,15 MLWS	67,25	28	120	2.101	8,9	
98	-66,40 MLWS	67,50	28	120	2.129	8,9	
99	-66,65 MLWS	67,75	28	120	2.157	8,9	
100	-66,90 MLWS	68,00	28	125	2.185	8,9	
101	-67,15 MLWS	68,25	30	130	2.215	8,3	
102	-67,40 MLWS	68,50	30	140	2.245	8,3	
103	-67,65 MLWS	68,75	30	140	2.275	8,3	
104	-67,90 MLWS	69,00	32	150	2.307	7,8	
105	-68,15 MLWS	69,25	29	160	2.336	8,6	
106	-68,40 MLWS	69,50	30	160	2.366	8,3	
107	-68,65 MLWS	69,75	30	170	2.396	8,3	
108	-68,90 MLWS	70,00	25	180	2.421	10,0	
109	-69,15 MLWS	70,25	28	190	2.449	8,9	
110	-69,40 MLWS	70,50	28	190	2.477	8,9	
111	-69,65 MLWS	70,75	28	195	2.505	8,9	
112	-69,90 MLWS	71,00	28	200	2.533	8,9	
113	-70,15 MLWS	71,25	28	205	2.561	8,9	
114	-70,40 MLWS	71,50	28	205	2.589	8,9	
115	-70,65 MLWS	71,75	28	205	2.617	8,9	
116	-70,90 MLWS	72,00	28	210	2.645	8,9	
117	-71,15 MLWS	72,25	28	215	2.673	8,9	
118	-71,40 MLWS	72,50	28	215	2.701	8,9	
119	-71,65 MLWS	72,75	29	215	2.730	8,6	
120	-71,90 MLWS	73,00	26	220	2.756	9,6	
121	-72,15 MLWS	73,25	26	220	2.782	9,6	
122	-72,40 MLWS	73,50	25	225	2.807	10,0	
123	-72,65 MLWS	73,75	23	230	2.830	10,9	
124	-72,90 MLWS	74,00	25	230	2.855	10,0	
125	-73,15 MLWS	74,25	26	230	2.881	9,6	
126	-73,40 MLWS	74,50	26	230	2.907	9,6	
127	-73,65 MLWS	74,75	28	235	2.935	8,9	
128	-73,90 MLWS	75,00	28	235	2.963	8,9	
129	-74,15 MLWS	75,25	28	235	2.991	8,9	
130	-74,40 MLWS	75,50	28	240	3.019	8,9	
131	-74,65 MLWS	75,75	28	240	3.047	8,9	
132	-74,90 MLWS	76,00	28	240	3.075	8,9	
133	-75,15 MLWS	76,25	30	230	3.105	8,3	
134	-75,40 MLWS	76,50	25	235	3.130	10,0	
135	-75,65 MLWS	76,75	25	235	3.155	10,0	
136	-75,90 MLWS	77,00	26	240	3.181	9,6	
137	-76,15 MLWS	77,25	28	230	3.209	8,9	
138	-76,40 MLWS	77,50	32	230	3.241	7,8	
139	-76,65 MLWS	77,75	33	230	3.274	7,6	
140	-76,90 MLWS	78,00	30	230	3.304	8,3	
