N°	Toe Level	Graduation	Blow_Count	Energy(kJ)	Cumulative_blow_Count	Penetration_per_blow(mm/blow)	comments
1	-32,03 MLWS	33,25					
2	-32,28 MLWS	33,50	3	36	3	83	
3	-32,53 MLWS	33,75	36				
4	-32,78 MLWS	34,00	36				
5	-33,03 MLWS	34,25	36				
6	-33,28 MLWS	34,50	36				
7	-33,53 MLWS	34,75	36				
8	-33,78 MLWS	35,00	6	36	9	42	
9	-34,03 MLWS	35,25	6	36	15	42	
10	-34,28 MLWS	35,50	6	36	21	42	
11	-34,53 MLWS	35,75	5	36	26	50	
12	-34,78 MLWS	36,00	5	36	31	50	
13	-35,03 MLWS	36,25	5	36	36	50	
14	-35,28 MLWS	36,50	5	36	41	50	
15	-35,53 MLWS	36,75	5	36	46	50	
16	-35,78 MLWS	37,00	5	36	51	50	
17	-36,03 MLWS	37,25	5	36	56	50	
18	-36,28 MLWS	37,50	5	36	61	50	
19	-36,53 MLWS	37,75	5	36	66	50	
20	-36,78 MLWS	38,00	5	36	71	50	
21	-37,03 MLWS	38,25	5	36	76	50	
22	-37,28 MLWS	38,50	5	36	81	50	
23	-37,53 MLWS	38,75	5	36	86	50	
24	-37,78 MLWS	39,00	6	36	92	42	
25	-38,03 MLWS	39,25	6	36	98	42	
26	-38,28 MLWS	39,50	6	36	104	42	
27	-38,53 MLWS	39,75	8	36	112	31	
28	-38,78 MLWS	40,00	5	36	117	50	
29	-39,03 MLWS	40,25	6	36	123	42	
30	-39,28 MLWS	40,50	7	36	130	36	
31	-39,53 MLWS	40,75	87	36	217	3	
32	-39,78 MLWS	41,00	7	36	224	36	
33	-40,03 MLWS	41,25	7	36	231	36	
34	-40,28 MLWS	41,50	6	36	237	42	
35	-40,53 MLWS	41,75	7	36	244	36	
36	-40,78 MLWS	42,00	7	36	251	36	
37	-41,03 MLWS	42,25	7	36	258	36	
38	-41,28 MLWS	42,50	8	36	266	31	
39	-41,53 MLWS	42,75	8	36	274	31	
40	-41,78 MLWS	43,00	8	36	282	31	
41	-42,03 MLWS	43,25	8	36	290	31	
42	-42,28 MLWS	43,50	8	36	298	31	
43	-42,53 MLWS	43,75	9	36	307	28	
44	-42,78 MLWS	44,00	9	36	316	28	
45	-43,03 MLWS	44,25	9	36	325	28	
46	-43,28 MLWS	44,50	10	36	335	25	
47	-43,53 MLWS	44,75	10	36	345	25	
48	-43,78 MLWS	45,00	12	36	357	21	
49	-44,03 MLWS	45,25	24	36	381	10	
50	-44,28 MLWS	45,50	16	36	397	16	
51	-44,53 MLWS	45,75	16	36	413	15,6	
52	-44,78 MLWS	46,00	16	36	429	15,6	
53	-45,03 MLWS	46,25	14	36	443	17,9	
54	-45,28 MLWS	46,50	15	36	458	16,7	
55	-45,53 MLWS	46,75	16	36	474	15,6	
56	-45,78 MLWS	47,00	16	36	490	15,6	
57	-46,03 MLWS	47,25	14	36	504	17,9	
58	-46,28 MLWS	47,50	17	36	521	14,7	
59	-46,53 MLWS	47,75	17	36	538	14,7	
60	-46,78 MLWS	48,00	17	36	555	14,7	
61	-47,03 MLWS	48,25	25	36	580	10,0	
62	-47,28 MLWS	48,50	25	36	605	10,0	
63	-47,53 MLWS	48,75	26	36	631	9,6	
64	-47,78 MLWS	49,00	26	36	657	9,6	
65	-48,03 MLWS	49,25	26	36	683	9,6	
66	-48,28 MLWS	49,50	24	36	707	10,4	
67	-48,53 MLWS	49,75	24	36	731	10,4	
68	-48,78 MLWS	50,00	24	36	755	10,4	
69	-49,03 MLWS	50,25	24	50	779	10,4	
70	-49,28 MLWS	50,50	24	50	803	10,4	
71	-49,53 MLWS	50,75	24	60	827	10,4	
72	-49,78 MLWS	51,00	22	60	849	11,4	
73	-50,03 MLWS	51,25	28	60	877	8,9	
74	-50,28 MLWS	51,50	28	60	905	8,9	
75	-50,53 MLWS	51,75	30	60	935	8,3	
76	-50,78 MLWS	52,00	30	60	965	8,3	
77	-51,03 MLWS	52,25	28	60	993	8,9	
78	-51,28 MLWS	52,50	28	60	1.021	8,9	
79	-51,53 MLWS	52,75	26	60	1.047	9,6	
80	-51,78 MLWS	53,00	26	60	1.073	9,6	
81	-52,03 MLWS	53,25	26	60	1.099	9,6	
82	-52,28 MLWS	53,50	26	60	1.125	9,6	
83	-52,53 MLWS	53,75	24	60	1.149	10,4	
84	-52,78 MLWS	54,00	24	60	1.173	10,4	
85	-53,03 MLWS	54,25	24	60	1.197	10,4	
86	-53,28 MLWS	54,50	24	60	1.221	10,4	
87	-53,53 MLWS	54,75	26	60	1.247	9,6	
88	-53,78 MLWS	55,00	26	60	1.273	9,6	
89	-54,03 MLWS	55,25	26	60	1.299	9,6	
90	-54,28 MLWS	55,50	26	60	1.325	9,6	
91	-54,53 MLWS	55,75	26	60	1.351	9,6	
92	-54,78 MLWS	56,00	24	60	1.375	10,4	
93	-55,03 MLWS	56,25	26	60	1.401	9,6	
94	-55,28 MLWS	56,50	26	60	1.427	9,6	
95	-55,53 MLWS	56,75	26	60	1.453	9,6	
96	-55,78 MLWS	57,00	26	60	1.479	9,6	
97	-56,03 MLWS	57,25	26	60	1.505	9,6	
98	-56,28 MLWS	57,50	28	60	1.533	8,9	
99	-56,53 MLWS	57,75	28	60	1.561	8,9	
100	-56,78 MLWS	58,00	28	60	1.589	8,9	
101	-57,03 MLWS	58,25	26	60	1.615	9,6	
102	-57,28 MLWS	58,50	28	60	1.643	8,9	
103	-57,53 MLWS	58,75	28	60	1.671	8,9	
104	-57,78 MLWS	59,00	26	60	1.697	9,6	
105	-58,03 MLWS	59,25	26	60	1.723	9,6	
106	-58,28 MLWS	59,50	30	60	1.753	8,3	
107	-58,53 MLWS	59,75	28	60	1.781	8,9	
108	-58,78 MLWS	60,00	30	60	1.811	8,3	
109	-59,03 MLWS	60,25	32	60	1.843	7,8	
110	-59,28 MLWS	60,50	38	60	1.881	6,6	
111	-59,53 MLWS	60,75	38	72	1.919	6,6	
112	-59,78 MLWS	61,00	38	72	1.957	6,6	
113	-60,03 MLWS	61,25	36	72	1.993	6,9	
114	-60,28 MLWS	61,50	36	72	2.029	6,9	
115	-60,53 MLWS	61,75	36	72	2.065	6,9	
116	-60,78 MLWS	62,00	34	72	2.099	7,4	
117	-61,03 MLWS	62,25	32	72	2.131	7,8	
118	-61,28 MLWS	62,50	32	72	2.163	7,8	
119	-61,53 MLWS	62,75	28	110	2.191	8,9	
120	-61,78 MLWS	63,00	28	110	2.219	8,9	
121	-62,03 MLWS	63,25	28	110	2.247	8,9	
122	-62,28 MLWS	63,50	26	110	2.273	9,6	
123	-62,53 MLWS	63,75	26	110	2.299	9,6	
124	-62,78 MLWS	64,00	26	110	2.325	9,6	
125	-63,03 MLWS	64,25	28	110	2.353	8,9	
126	-63,28 MLWS	64,50	28	110	2.381	8,9	
127	-63,53 MLWS	64,75	28	110	2.409	8,9	
128	-63,78 MLWS	65,00	26	110	2.435	9,6	
129	-64,03 MLWS	65,25	26	110	2.461	9,6	
130	-64,28 MLWS	65,50	26	110	2.487	9,6	
131	-64,53 MLWS	65,75	26	110	2.513	9,6	
132	-64,78 MLWS	66,00	26	110	2.539	9,6	
133	-65,03 MLWS	66,25	26	110	2.565	9,6	
134	-65,28 MLWS	66,50	26	110	2.591	9,6	
135	-65,53 MLWS	66,75	26	110	2.617	9,6	
136	-65,78 MLWS	67,00	26	110	2.643	9,6	
137	-66,03 MLWS	67,25	24	125	2.667	10,4	
138	-66,28 MLWS	67,50	26	125	2.693	9,6	
139	-66,53 MLWS	67,75	32	125	2.725	7,8	
140	-66,78 MLWS	68,00	32	125	2.757	7,8	
141	-67,03 MLWS	68,25	32	130	2.789	7,8	
142	-67,28 MLWS	68,50	32	130	2.821	7,8	
