N°	Toe Level	Graduation	Blow_Count	Energy(kJ)	Cumulative_blow_Count	Penetration_per_blow(mm/blow)	comments
1	-41,73 MLWS	43,00					
2	-41,98 MLWS	43,25	7	36	7	36	
3	-42,23 MLWS	43,50	8	36	15	31	
4	-42,48 MLWS	43,75	8	36	23	31	
5	-42,73 MLWS	44,00	7	36	30	36	
6	-42,98 MLWS	44,25	7	36	37	36	
7	-43,23 MLWS	44,50	8	36	45	31	
8	-43,48 MLWS	44,75	9	36	54	28	
9	-43,73 MLWS	45,00	9	36	63	28	
10	-43,98 MLWS	45,25	8	36	71	31	
11	-44,23 MLWS	45,50	8	36	79	31	
12	-44,48 MLWS	45,75	8	36	87	31	
13	-44,73 MLWS	46,00	10	36	97	25	
14	-44,98 MLWS	46,25	10	36	107	25	
15	-45,23 MLWS	46,50	10	36	117	25	
16	-45,48 MLWS	46,75	10	36	127	25	
17	-45,73 MLWS	47,00	10	36	137	25	
18	-45,98 MLWS	47,25	10	36	147	25	
19	-46,23 MLWS	47,50	11	36	158	23	
20	-46,48 MLWS	47,75	11	36	169	23	
21	-46,73 MLWS	48,00	11	36	180	23	
22	-46,98 MLWS	48,25	11	36	191	23	
23	-47,23 MLWS	48,50	17	36	208	15	
24	-47,48 MLWS	48,75	21	36	229	12	
25	-47,73 MLWS	49,00	24	36	253	10	
26	-47,98 MLWS	49,25	30	36	283	8	
27	-48,23 MLWS	49,50	25	43	308	10	
28	-48,48 MLWS	49,75	25	56	333	10	
29	-48,73 MLWS	50,00	29	57	362	9	
30	-48,98 MLWS	50,25	29	63	391	9	
31	-49,23 MLWS	50,50	30	63	421	8	
32	-49,48 MLWS	50,75	30	67	451	8	
33	-49,73 MLWS	51,00	32	70	483	8	
34	-49,98 MLWS	51,25	32	70	515	8	
35	-50,23 MLWS	51,50	32	80	547	8	
36	-50,48 MLWS	51,75	29	90	576	9	
37	-50,73 MLWS	52,00	29	100	605	9	
38	-50,98 MLWS	52,25	26	100	631	10	
39	-51,23 MLWS	52,50	26	100	657	10	
40	-51,48 MLWS	52,75	26	100	683	10	
41	-51,73 MLWS	53,00	27	100	710	9	
42	-51,98 MLWS	53,25	27	100	737	9	
43	-52,23 MLWS	53,50	22	100	759	11	
44	-52,48 MLWS	53,75	22	100	781	11	
45	-52,73 MLWS	54,00	25	100	806	10	
46	-52,98 MLWS	54,25	22	100	828	11	
47	-53,23 MLWS	54,50	22	100	850	11	
48	-53,48 MLWS	54,75	22	100	872	11	
49	-53,73 MLWS	55,00	22	100	894	11	
50	-53,98 MLWS	55,25	22	100	916	11	
51	-54,23 MLWS	55,50	22	100	938	11,4	
52	-54,48 MLWS	55,75	22	100	960	11,4	
53	-54,73 MLWS	56,00	21	100	981	11,9	
54	-54,98 MLWS	56,25	20	100	1.001	12,5	
55	-55,23 MLWS	56,50	18	95	1.019	13,9	
56	-55,48 MLWS	56,75	18	95	1.037	13,9	
57	-55,73 MLWS	57,00	18	90	1.055	13,9	
58	-55,98 MLWS	57,25	18	85	1.073	13,9	
59	-56,23 MLWS	57,50	23	80	1.096	10,9	
60	-56,48 MLWS	57,75	23	80	1.119	10,9	
61	-56,73 MLWS	58,00	23	80	1.142	10,9	
62	-56,98 MLWS	58,25	20	80	1.162	12,5	
63	-57,23 MLWS	58,50	20	80	1.182	12,5	
64	-57,48 MLWS	58,75	20	75	1.202	12,5	
65	-57,73 MLWS	59,00	20	75	1.222	12,5	
66	-57,98 MLWS	59,25	22	75	1.244	11,4	
67	-58,23 MLWS	59,50	22	75	1.266	11,4	
68	-58,48 MLWS	59,75	22	75	1.288	11,4	
69	-58,73 MLWS	60,00	22	75	1.310	11,4	
70	-58,98 MLWS	60,25	22	75	1.332	11,4	
71	-59,23 MLWS	60,50	25	75	1.357	10,0	
72	-59,48 MLWS	60,75	25	75	1.382	10,0	
73	-59,73 MLWS	61,00	27	75	1.409	9,3	
74	-59,98 MLWS	61,25	27	90	1.436	9,3	
75	-60,23 MLWS	61,50	27	90	1.463	9,3	
76	-60,48 MLWS	61,75	27	90	1.490	9,3	
77	-60,73 MLWS	62,00	27	90	1.517	9,3	
78	-60,98 MLWS	62,25	22	90	1.539	11,4	
79	-61,23 MLWS	62,50	22	90	1.561	11,4	
80	-61,48 MLWS	62,75	22	90	1.583	11,4	
81	-61,73 MLWS	63,00	22	90	1.605	11,4	
82	-61,98 MLWS	63,25	22	90	1.627	11,4	
83	-62,23 MLWS	63,50	24	90	1.651	10,4	
84	-62,48 MLWS	63,75	24	90	1.675	10,4	
85	-62,73 MLWS	64,00	28	90	1.703	8,9	
86	-62,98 MLWS	64,25	28	90	1.731	8,9	
87	-63,23 MLWS	64,50	28	90	1.759	8,9	
88	-63,48 MLWS	64,75	32	90	1.791	7,8	
89	-63,73 MLWS	65,00	32	100	1.823	7,8	
90	-63,98 MLWS	65,25	30	100	1.853	8,3	
91	-64,23 MLWS	65,50	30	120	1.883	8,3	
92	-64,48 MLWS	65,75	30	120	1.913	8,3	
93	-64,73 MLWS	66,00	25	120	1.938	10,0	
94	-64,98 MLWS	66,25	28	130	1.966	8,9	
95	-65,23 MLWS	66,50	28	130	1.994	8,9	
96	-65,48 MLWS	66,75	28	140	2.022	8,9	
97	-65,73 MLWS	67,00	28	140	2.050	8,9	
98	-65,98 MLWS	67,25	28	140	2.078	8,9	
99	-66,23 MLWS	67,50	28	150	2.106	8,9	
100	-66,48 MLWS	67,75	29	150	2.135	8,6	
101	-66,73 MLWS	68,00	29	160	2.164	8,6	
102	-66,98 MLWS	68,25	29	160	2.193	8,6	
103	-67,23 MLWS	68,50	29	160	2.222	8,6	
104	-67,48 MLWS	68,75	29	170	2.251	8,6	
105	-67,73 MLWS	69,00	29	170	2.280	8,6	
106	-67,98 MLWS	69,25	29	170	2.309	8,6	
107	-68,23 MLWS	69,50	29	170	2.338	8,6	
108	-68,48 MLWS	69,75	29	170	2.367	8,6	
109	-68,73 MLWS	70,00	30	180	2.397	8,3	
110	-68,98 MLWS	70,25	30	180	2.427	8,3	
111	-69,23 MLWS	70,50	26	180	2.453	9,6	
112	-69,48 MLWS	70,75	26	180	2.479	9,6	
113	-69,73 MLWS	71,00	26	180	2.505	9,6	
114	-69,98 MLWS	71,25	30	190	2.535	8,3	
115	-70,23 MLWS	71,50	30	190	2.565	8,3	
116	-70,48 MLWS	71,75	30	190	2.595	8,3	
117	-70,73 MLWS	72,00	30	200	2.625	8,3	
118	-70,98 MLWS	72,25	30	200	2.655	8,3	
119	-71,23 MLWS	72,50	27	200	2.682	9,3	
120	-71,48 MLWS	72,75	29	200	2.711	8,6	
121	-71,73 MLWS	73,00	29	200	2.740	8,6	
122	-71,98 MLWS	73,25	29	210	2.769	8,6	
123	-72,23 MLWS	73,50	29	210	2.798	8,6	
124	-72,48 MLWS	73,75	29	210	2.827	8,6	
125	-72,73 MLWS	74,00	29	210	2.856	8,6	
126	-72,98 MLWS	74,25	29	210	2.885	8,6	
127	-73,23 MLWS	74,50	29	200	2.914	8,6	
128	-73,48 MLWS	74,75	33	200	2.947	7,6	
129	-73,73 MLWS	75,00	33	200	2.980	7,6	
130	-73,98 MLWS	75,25	34	200	3.014	7,4	
131	-74,23 MLWS	75,50	34	200	3.048	7,4	
132	-74,48 MLWS	75,75	36	200	3.084	6,9	
133	-74,73 MLWS	76,00	33	200	3.117	7,6	
134	-74,98 MLWS	76,25	28	200	3.145	8,9	
135	-75,23 MLWS	76,50	31	200	3.176	8,1	
136	-75,48 MLWS	76,75	36	200	3.212	6,9	
137	-75,73 MLWS	77,00	36	200	3.248	6,9	
138	-75,98 MLWS	77,25	36	200	3.284	6,9	
139	-76,23 MLWS	77,50	36	200	3.320	6,9	
140	-76,48 MLWS	77,75	34	195	3.354	7,4	
141	-76,73 MLWS	78,00	36	195	3.390	6,9	
142	-76,98 MLWS	78,25	33	195	3.423	7,6	
143	-77,23 MLWS	78,50	20	195	3.443	12,5	
