N°	Toe Level	Graduation	Blow_Count	Energy(kJ)	Cumulative_blow_Count	Penetration_per_blow(mm/blow)	comments
1	-40,46 MLWS	41,75					
2	-40,71 MLWS	42,00	7	36	7	36	
3	-40,96 MLWS	42,25	7	36	14	36	
4	-41,21 MLWS	42,50	7	36	21	36	
5	-41,46 MLWS	42,75	7	36	28	36	
6	-41,71 MLWS	43,00	8	36	36	31	
7	-41,96 MLWS	43,25	8	36	44	31	
8	-42,21 MLWS	43,50	6	36	50	42	
9	-42,46 MLWS	43,75	6	36	56	42	
10	-42,71 MLWS	44,00	6	36	62	42	
11	-42,96 MLWS	44,25	7	36	69	36	
12	-43,21 MLWS	44,50	8	36	77	31	
13	-43,46 MLWS	44,75	8	36	85	31	
14	-43,71 MLWS	45,00	8	36	93	31	
15	-43,96 MLWS	45,25	8	36	101	31	
16	-44,21 MLWS	45,50	8	36	109	31	
17	-44,46 MLWS	45,75	8	36	117	31	
18	-44,71 MLWS	46,00	8	36	125	31	
19	-44,96 MLWS	46,25	9	36	134	28	
20	-45,21 MLWS	46,50	9	36	143	28	
21	-45,46 MLWS	46,75	9	36	152	28	
22	-45,71 MLWS	47,00	10	36	162	25	
23	-45,96 MLWS	47,25	12	36	174	21	
24	-46,21 MLWS	47,50	12	36	186	21	
25	-46,46 MLWS	47,75	10	36	196	25	
26	-46,71 MLWS	48,00	10	36	206	25	
27	-46,96 MLWS	48,25	21	36	227	12	
28	-47,21 MLWS	48,50	21	36	248	12	
29	-47,46 MLWS	48,75	30	36	278	8	
30	-47,71 MLWS	49,00	34	36	312	7	
31	-47,96 MLWS	49,25	34	41	346	7	
32	-48,21 MLWS	49,50	34	41	380	7	
33	-48,46 MLWS	49,75	28	50	408	9	
34	-48,71 MLWS	50,00	34	50	442	7	
35	-48,96 MLWS	50,25	34	53	476	7	
36	-49,21 MLWS	50,50	34	59	510	7	
37	-49,46 MLWS	50,75	34	62	544	7	
38	-49,71 MLWS	51,00	34	68	578	7	
39	-49,96 MLWS	51,25	34	71	612	7	
40	-50,21 MLWS	51,50	25	71	637	10	
41	-50,46 MLWS	51,75	30	80	667	8	
42	-50,71 MLWS	52,00	30	90	697	8	
43	-50,96 MLWS	52,25	30	90	727	8	
44	-51,21 MLWS	52,50	23	100	750	11	
45	-51,46 MLWS	52,75	23	100	773	11	
46	-51,71 MLWS	53,00	19	100	792	13	
47	-51,96 MLWS	53,25	19	95	811	13	
48	-52,21 MLWS	53,50	19	95	830	13	
49	-52,46 MLWS	53,75	19	85	849	13	
50	-52,71 MLWS	54,00	19	80	868	13	
51	-52,96 MLWS	54,25	19	75	887	13,2	
52	-53,21 MLWS	54,50	20	75	907	12,5	
53	-53,46 MLWS	54,75	20	75	927	12,5	
54	-53,71 MLWS	55,00	20	75	947	12,5	
55	-53,96 MLWS	55,25	20	75	967	12,5	
56	-54,21 MLWS	55,50	20	75	987	12,5	
57	-54,46 MLWS	55,75	21	75	1.008	11,9	
58	-54,71 MLWS	56,00	18	75	1.026	13,9	
59	-54,96 MLWS	56,25	18	75	1.044	13,9	
60	-55,21 MLWS	56,50	20	75	1.064	12,5	
61	-55,46 MLWS	56,75	20	75	1.084	12,5	
62	-55,71 MLWS	57,00	20	75	1.104	12,5	
63	-55,96 MLWS	57,25	20	75	1.124	12,5	
64	-56,21 MLWS	57,50	20	75	1.144	12,5	
65	-56,46 MLWS	57,75	20	75	1.164	12,5	
66	-56,71 MLWS	58,00	15	75	1.179	16,7	
67	-56,96 MLWS	58,25	15	75	1.194	16,7	
68	-57,21 MLWS	58,50	15	75	1.209	16,7	
69	-57,46 MLWS	58,75	15	75	1.224	16,7	
70	-57,71 MLWS	59,00	18	75	1.242	13,9	
71	-57,96 MLWS	59,25	18	75	1.260	13,9	
72	-58,21 MLWS	59,50	18	75	1.278	13,9	
73	-58,46 MLWS	59,75	20	75	1.298	12,5	
74	-58,71 MLWS	60,00	20	75	1.318	12,5	
75	-58,96 MLWS	60,25	20	75	1.338	12,5	
76	-59,21 MLWS	60,50	20	75	1.358	12,5	
77	-59,46 MLWS	60,75	20	75	1.378	12,5	
78	-59,71 MLWS	61,00	25	75	1.403	10,0	
79	-59,96 MLWS	61,25	25	80	1.428	10,0	
80	-60,21 MLWS	61,50	25	80	1.453	10,0	
81	-60,46 MLWS	61,75	25	80	1.478	10,0	
82	-60,71 MLWS	62,00	34	80	1.512	7,4	
83	-60,96 MLWS	62,25	34	100	1.546	7,4	
84	-61,21 MLWS	62,50	22	120	1.568	11,4	
85	-61,46 MLWS	62,75	22	120	1.590	11,4	
86	-61,71 MLWS	63,00	22	120	1.612	11,4	
87	-61,96 MLWS	63,25	22	110	1.634	11,4	
88	-62,21 MLWS	63,50	23	110	1.657	10,9	
89	-62,46 MLWS	63,75	23	110	1.680	10,9	
90	-62,71 MLWS	64,00	23	110	1.703	10,9	
91	-62,96 MLWS	64,25	23	120	1.726	10,9	
92	-63,21 MLWS	64,50	25	120	1.751	10,0	
93	-63,46 MLWS	64,75	24	120	1.775	10,4	
94	-63,71 MLWS	65,00	20	120	1.795	12,5	
95	-63,96 MLWS	65,25	20	120	1.815	12,5	
96	-64,21 MLWS	65,50	20	110	1.835	12,5	
97	-64,46 MLWS	65,75	20	100	1.855	12,5	
98	-64,71 MLWS	66,00	25	95	1.880	10,0	
99	-64,96 MLWS	66,25	25	95	1.905	10,0	
100	-65,21 MLWS	66,50	32	80	1.937	7,8	
101	-65,46 MLWS	66,75	32	90	1.969	7,8	
102	-65,71 MLWS	67,00	32	100	2.001	7,8	
103	-65,96 MLWS	67,25	28	110	2.029	8,9	
104	-66,21 MLWS	67,50	28	115	2.057	8,9	
105	-66,46 MLWS	67,75	28	120	2.085	8,9	
106	-66,71 MLWS	68,00	25	120	2.110	10,0	
107	-66,96 MLWS	68,25	28	120	2.138	8,9	
108	-67,21 MLWS	68,50	28	125	2.166	8,9	
109	-67,46 MLWS	68,75	28	125	2.194	8,9	
110	-67,71 MLWS	69,00	28	130	2.222	8,9	
111	-67,96 MLWS	69,25	28	130	2.250	8,9	
112	-68,21 MLWS	69,50	27	135	2.277	9,3	
113	-68,46 MLWS	69,75	27	135	2.304	9,3	
114	-68,71 MLWS	70,00	20	140	2.324	12,5	
115	-68,96 MLWS	70,25	20	140	2.344	12,5	
116	-69,21 MLWS	70,50	19	140	2.363	13,2	
117	-69,46 MLWS	70,75	25	140	2.388	10,0	
118	-69,71 MLWS	71,00	25	150	2.413	10,0	
119	-69,96 MLWS	71,25	25	150	2.438	10,0	
120	-70,21 MLWS	71,50	25	150	2.463	10,0	
121	-70,46 MLWS	71,75	25	150	2.488	10,0	
122	-70,71 MLWS	72,00	25	150	2.513	10,0	
123	-70,96 MLWS	72,25	25	150	2.538	10,0	
124	-71,21 MLWS	72,50	27	150	2.565	9,3	
125	-71,46 MLWS	72,75	27	160	2.592	9,3	
126	-71,71 MLWS	73,00	27	165	2.619	9,3	
127	-71,96 MLWS	73,25	27	170	2.646	9,3	
128	-72,21 MLWS	73,50	27	170	2.673	9,3	
129	-72,46 MLWS	73,75	30	170	2.703	8,3	
130	-72,71 MLWS	74,00	30	180	2.733	8,3	
131	-72,96 MLWS	74,25	30	180	2.763	8,3	
132	-73,21 MLWS	74,50	29	180	2.792	8,6	
133	-73,46 MLWS	74,75	29	180	2.821	8,6	
134	-73,71 MLWS	75,00	25	180	2.846	10,0	
135	-73,96 MLWS	75,25	25	190	2.871	10,0	
136	-74,21 MLWS	75,50	25	190	2.896	10,0	
137	-74,46 MLWS	75,75	25	180	2.921	10,0	
138	-74,71 MLWS	76,00	30	180	2.951	8,3	
139	-74,96 MLWS	76,25	30	200	2.981	8,3	
140	-75,21 MLWS	76,50	30	200	3.011	8,3	
141	-75,46 MLWS	76,75	30	200	3.041	8,3	
142	-75,71 MLWS	77,00	30	200	3.071	8,3	
143	-75,96 MLWS	77,25	32	200	3.103	7,8	
144	-76,21 MLWS	77,50	32	210	3.135	7,8	
145	-76,46 MLWS	77,75	32	210	3.167	7,8	
146	-76,71 MLWS	78,00	32	210	3.199	7,8	
147	-76,96 MLWS	78,25	32	210	3.231	7,8	
148	-77,21 MLWS	78,50	32	210	3.263	7,8	
149	-77,46 MLWS	78,75	12	210	3.275	20,8	
