N°	Toe Level	Graduation	Blow_Count	Energy(kJ)	Cumulative_blow_Count	Penetration_per_blow(mm/blow)	comments
1	-42,29 MLWS	43,25					
2	-42,54 MLWS	43,50	6	36	6	42	
3	-42,79 MLWS	43,75	6	36	12	42	
4	-43,04 MLWS	44,00	7	36	19	36	
5	-43,29 MLWS	44,25	7	36	26	36	
6	-43,54 MLWS	44,50	7	36	33	36	
7	-43,79 MLWS	44,75	6	36	39	42	
8	-44,04 MLWS	45,00	6	36	45	42	
9	-44,29 MLWS	45,25	6	36	51	42	
10	-44,54 MLWS	45,50	7	36	58	36	
11	-44,79 MLWS	45,75	7	36	65	36	
12	-45,04 MLWS	46,00	7	36	72	36	
13	-45,29 MLWS	46,25	7	36	79	36	
14	-45,54 MLWS	46,50	8	36	87	31	
15	-45,79 MLWS	46,75	9	36	96	28	
16	-46,04 MLWS	47,00	8	36	104	31	
17	-46,29 MLWS	47,25	9	36	113	28	
18	-46,54 MLWS	47,50	9	36	122	28	
19	-46,79 MLWS	47,75	9	36	131	28	
20	-47,04 MLWS	48,00	9	36	140	28	
21	-47,29 MLWS	48,25	11	36	151	23	
22	-47,54 MLWS	48,50	18	36	169	14	
23	-47,79 MLWS	48,75	22	36	191	11	
24	-48,04 MLWS	49,00	25	36	216	10	
25	-48,29 MLWS	49,25	29	36	245	9	
26	-48,54 MLWS	49,50	27	43	272	9	
27	-48,79 MLWS	49,75	25	54	297	10	
28	-49,04 MLWS	50,00	27	54	324	9	
29	-49,29 MLWS	50,25	27	58	351	9	
30	-49,54 MLWS	50,50	29	62	380	9	
31	-49,79 MLWS	50,75	32	68	412	8	
32	-50,04 MLWS	51,00	34	72	446	7	
33	-50,29 MLWS	51,25	25	100	471	10	
34	-50,54 MLWS	51,50	23	100	494	11	
35	-50,79 MLWS	51,75	26	100	520	10	
36	-51,04 MLWS	52,00	25	100	545	10	
37	-51,29 MLWS	52,25	23	100	568	11	
38	-51,54 MLWS	52,50	23	100	591	11	
39	-51,79 MLWS	52,75	26	90	617	10	
40	-52,04 MLWS	53,00	18	90	635	14	
41	-52,29 MLWS	53,25	23	80	658	11	
42	-52,54 MLWS	53,50	21	80	679	12	
43	-52,79 MLWS	53,75	19	75	698	13	
44	-53,04 MLWS	54,00	25	75	723	10	
45	-53,29 MLWS	54,25	25	75	748	10	
46	-53,54 MLWS	54,50	25	75	773	10	
47	-53,79 MLWS	54,75	24	75	797	10	
48	-54,04 MLWS	55,00	24	75	821	10	
49	-54,29 MLWS	55,25	24	75	845	10	
50	-54,54 MLWS	55,50	20	75	865	13	
51	-54,79 MLWS	55,75	23	75	888	10,9	
52	-55,04 MLWS	56,00	21	75	909	11,9	
53	-55,29 MLWS	56,25	23	75	932	10,9	
54	-55,54 MLWS	56,50	18	75	950	13,9	
55	-55,79 MLWS	56,75	22	62	972	11,4	
56	-56,04 MLWS	57,00	23	62	995	10,9	
57	-56,29 MLWS	57,25	23	62	1.018	10,9	
58	-56,54 MLWS	57,50	23	36	1.041	10,9	
59	-56,79 MLWS	57,75	35	36	1.076	7,1	
60	-57,04 MLWS	58,00	35	36	1.111	7,1	
61	-57,29 MLWS	58,25	31	43	1.142	8,1	
62	-57,54 MLWS	58,50	30	45	1.172	8,3	
63	-57,79 MLWS	58,75	27	56	1.199	9,3	
64	-58,04 MLWS	59,00	22	59	1.221	11,4	
65	-58,29 MLWS	59,25	25	59	1.246	10,0	
66	-58,54 MLWS	59,50	24	59	1.270	10,4	
67	-58,79 MLWS	59,75	27	59	1.297	9,3	
68	-59,04 MLWS	60,00	27	59	1.324	9,3	
69	-59,29 MLWS	60,25	27	59	1.351	9,3	
70	-59,54 MLWS	60,50	28	60	1.379	8,9	
71	-59,79 MLWS	60,75	27	62	1.406	9,3	
72	-60,04 MLWS	61,00	27	62	1.433	9,3	
73	-60,29 MLWS	61,25	21	68	1.454	11,9	
74	-60,54 MLWS	61,50	24	72	1.478	10,4	
75	-60,79 MLWS	61,75	43	72	1.521	5,8	
76	-61,04 MLWS	62,00	28	90	1.549	8,9	
77	-61,29 MLWS	62,25	28	100	1.577	8,9	
78	-61,54 MLWS	62,50	28	110	1.605	8,9	
79	-61,79 MLWS	62,75	26	115	1.631	9,6	
80	-62,04 MLWS	63,00	24	115	1.655	10,4	
81	-62,29 MLWS	63,25	24	115	1.679	10,4	
82	-62,54 MLWS	63,50	22	110	1.701	11,4	
83	-62,79 MLWS	63,75	25	110	1.726	10,0	
84	-63,04 MLWS	64,00	25	100	1.751	10,0	
85	-63,29 MLWS	64,25	26	100	1.777	9,6	
86	-63,54 MLWS	64,50	29	100	1.806	8,6	
87	-63,79 MLWS	64,75	28	110	1.834	8,9	
88	-64,04 MLWS	65,00	25	110	1.859	10,0	
89	-64,29 MLWS	65,25	28	110	1.887	8,9	
90	-64,54 MLWS	65,50	27	110	1.914	9,3	
91	-64,79 MLWS	65,75	25	120	1.939	10,0	
92	-65,04 MLWS	66,00	25	125	1.964	10,0	
93	-65,29 MLWS	66,25	29	125	1.993	8,6	
94	-65,54 MLWS	66,50	25	135	2.018	10,0	
95	-65,79 MLWS	66,75	34	135	2.052	7,4	
96	-66,04 MLWS	67,00	28	145	2.080	8,9	
97	-66,29 MLWS	67,25	24	145	2.104	10,4	
98	-66,54 MLWS	67,50	24	150	2.128	10,4	
99	-66,79 MLWS	67,75	30	150	2.158	8,3	
100	-67,04 MLWS	68	25	160	2.183	10,0	
101	-67,29 MLWS	68,25	32	160	2.215	7,8	151 0,71 MLWS 0,25 29 230 3.538 8,6
102	-67,54 MLWS	68,50	27	170	2.242	9,3	152 0,46 MLWS 0,50 29 230 3.567 8,6
103	-67,79 MLWS	68,75	24	170	2.266	10,4	153 0,21 MLWS 0,75 29 230 3.596 8,6
104	-68,04 MLWS	69,00	23	175	2.289	10,9	
105	-68,29 MLWS	69,25	29	180	2.318	8,6	
106	-68,54 MLWS	69,50	27	180	2.345	9,3	
107	-68,79 MLWS	69,75	25	180	2.370	10,0	
108	-69,04 MLWS	70,00	25	190	2.395	10,0	
109	-69,29 MLWS	70,25	31	185	2.426	8,1	
110	-69,54 MLWS	70,50	27	195	2.453	9,3	
111	-69,79 MLWS	70,75	29	195	2.482	8,6	
112	-70,04 MLWS	71,00	24	205	2.506	10,4	
113	-70,29 MLWS	71,25	30	205	2.536	8,3	
114	-70,54 MLWS	71,50	25	210	2.561	10,0	
115	-70,79 MLWS	71,75	28	220	2.589	8,9	
116	-71,04 MLWS	72,00	28	220	2.617	8,9	
117	-71,29 MLWS	72,25	29	230	2.646	8,6	
118	-71,54 MLWS	72,50	25	230	2.671	10,0	
119	-71,79 MLWS	72,75	25	235	2.696	10,0	
120	-72,04 MLWS	73,00	22	240	2.718	11,4	
121	-72,29 MLWS	73,25	27	240	2.745	9,3	
122	-72,54 MLWS	73,50	28	235	2.773	8,9	
123	-72,79 MLWS	73,75	28	240	2.801	8,9	
124	-73,04 MLWS	74,00	23	240	2.824	10,9	
125	-73,29 MLWS	74,25	29	240	2.853	8,6	
126	-73,54 MLWS	74,50	27	235	2.880	9,3	
127	-73,79 MLWS	74,75	29	235	2.909	8,6	
128	-74,04 MLWS	75,00	29	235	2.938	8,6	
129	-74,29 MLWS	75,25	29	230	2.967	8,6	
130	-74,54 MLWS	75,50	29	235	2.996	8,6	
131	-74,79 MLWS	75,75	29	240	3.025	8,6	
132	-75,04 MLWS	76,00	25	240	3.050	10,0	
133	-75,29 MLWS	76,25	28	240	3.078	8,9	
134	-75,54 MLWS	76,50	29	240	3.107	8,6	
135	-75,79 MLWS	76,75	29	240	3.136	8,6	
136	-76,04 MLWS	77,00	27	240	3.163	9,3	
137	-76,29 MLWS	77,25	36	240	3.199	6,9	
138	-76,54 MLWS	77,50	30	240	3.229	8,3	
139	-76,79 MLWS	77,75	30	240	3.259	8,3	
140	-77,04 MLWS	78,00	26	240	3.285	9,6	
141	-77,29 MLWS	78,25	34	240	3.319	7,4	
142	-77,54 MLWS	78,50	24	240	3.343	10,4	
143	-77,79 MLWS	78,75	29	240	3.372	8,6	
144	-78,04 MLWS	79,00	26	240	3.398	9,6	
145	-78,29 MLWS	79,25	24	230	3.422	10,4	
146	-78,54 MLWS	79,50	25	220	3.447	10,0	
147	-78,79 MLWS	79,75	31	210	3.478	8,1	
148	-79,04 MLWS	80,00	31	210	3.509	8,1	
154	-0,04 MLWS	1,00	29	240	3.625	8,6	
155	-0,29 MLWS	1,25	29	240	3.654	8,6	
156	-0,54 MLWS	1,50	29	240	3.683	8,6	
157	-0,79 MLWS	1,75	39	240	3.722	6,4	
158	-1,04 MLWS	2,00	39	240	3.761	6,4	
159	-1,29 MLWS	2,25	39	240	3.800	6,4	
160	-1,54 MLWS	2,50	39	240	3.839	6,4	
161	-1,79 MLWS	2,75	40	240	3.879	6,3	
162	-2,04 MLWS	3,00	30	240	3.909	8,3	
163	-2,29 MLWS	3,25	30	240	3.939	8,3	
164	-2,54 MLWS	3,50	30	240	3.969	8,3	
165	-2,79 MLWS	3,75	35	240	4.004	7,1	
166	-3,04 MLWS	4,00	35	240	4.039	7,1	
167	-3,29 MLWS	4,25	35	240	4.074	7,1	
168	-3,54 MLWS	4,50	33	240	4.107	7,6	
169	-3,79 MLWS	4,75	30	240	4.137	8,3	
170	-4,04 MLWS	5,00	32	240	4.169	7,8	
171	-4,29 MLWS	5,25	32	240	4.201	7,8	
172	-4,54 MLWS	5,50	32	240	4.233	7,8	
173	-4,79 MLWS	5,75	32	240	4.265	7,8	
