N°	Toe Level	Graduation	Blow_Count	Energy(kJ)	Cumulative_blow_Count	Penetration_per_blow(mm/blow)	comments
1	-37,25 MLWS	38,25					
2	-37,50 MLWS	38,50	8	36	8	31	
3	-37,75 MLWS	38,75	8	36	16	31	
4	-38,00 MLWS	39,00	6	36	22	42	
5	-38,25 MLWS	39,25	6	36	28	42	
6	-38,50 MLWS	39,50	6	36	34	42	
7	-38,75 MLWS	39,75	6	36	40	42	
8	-39,00 MLWS	40,00	8	36	48	31	
9	-39,25 MLWS	40,25	8	36	56	31	
10	-39,50 MLWS	40,50	8	36	64	31	
11	-39,75 MLWS	40,75	8	36	72	31	
12	-40,00 MLWS	41,00	8	36	80	31	
13	-40,25 MLWS	41,25	8	36	88	31	
14	-40,50 MLWS	41,50	9	36	97	28	
15	-40,75 MLWS	41,75	9	36	106	28	
16	-41,00 MLWS	42,00	9	36	115	28	
17	-41,25 MLWS	42,25	9	36	124	28	
18	-41,50 MLWS	42,50	9	36	133	28	
19	-41,75 MLWS	42,75	9	36	142	28	
20	-42,00 MLWS	43,00	9	36	151	28	
21	-42,25 MLWS	43,25	9	36	160	28	
22	-42,50 MLWS	43,50	9	36	169	28	
23	-42,75 MLWS	43,75	9	36	178	28	
24	-43,00 MLWS	44,00	11	36	189	23	
25	-43,25 MLWS	44,25	12	36	201	21	
26	-43,50 MLWS	44,50	12	36	213	21	
27	-43,75 MLWS	44,75	12	36	225	21	
28	-44,00 MLWS	45,00	13	36	238	19	
29	-44,25 MLWS	45,25	13	36	251	19	
30	-44,50 MLWS	45,50	13	36	264	19	
31	-44,75 MLWS	45,75	13	36	277	19	
32	-45,00 MLWS	46,00	13	36	290	19	
33	-45,25 MLWS	46,25	13	36	303	19	
34	-45,50 MLWS	46,50	14	36	317	18	
35	-45,75 MLWS	46,75	17	36	334	15	
36	-46,00 MLWS	47,00	17	36	351	15	
37	-46,25 MLWS	47,25	17	36	368	15	
38	-46,50 MLWS	47,50	17	36	385	15	
39	-46,75 MLWS	47,75	17	36	402	15	
40	-47,00 MLWS	48,00	17	36	419	15	
41	-47,25 MLWS	48,25	17	36	436	15	
42	-47,50 MLWS	48,50	17	36	453	15	
43	-47,75 MLWS	48,75	17	36	470	15	
44	-48,00 MLWS	49,00	18	36	488	14	
45	-48,25 MLWS	49,25	18	36	506	14	
46	-48,50 MLWS	49,50	18	36	524	14	
47	-48,75 MLWS	49,75	23	36	547	11	
48	-49,00 MLWS	50,00	23	36	570	11	
49	-49,25 MLWS	50,25	20	36	590	13	
50	-49,50 MLWS	50,50	17	36	607	15	
51	-49,75 MLWS	50,75	17	36	624	14,7	
52	-50,00 MLWS	51,00	18	36	642	13,9	
53	-50,25 MLWS	51,25	20	36	662	12,5	
54	-50,50 MLWS	51,50	20	36	682	12,5	
55	-50,75 MLWS	51,75	20	36	702	12,5	
56	-51,00 MLWS	52,00	29	36	731	8,6	
57	-51,25 MLWS	52,25	29	36	760	8,6	
58	-51,50 MLWS	52,50	26	40	786	9,6	
59	-51,75 MLWS	52,75	26	40	812	9,6	
60	-52,00 MLWS	53,00	26	40	838	9,6	
61	-52,25 MLWS	53,25	26	40	864	9,6	
62	-52,50 MLWS	53,50	24	40	888	10,4	
63	-52,75 MLWS	53,75	24	40	912	10,4	
64	-53,00 MLWS	54,00	25	50	937	10,0	
65	-53,25 MLWS	54,25	25	50	962	10,0	
66	-53,50 MLWS	54,50	25	50	987	10,0	
67	-53,75 MLWS	54,75	25	50	1.012	10,0	
68	-54,00 MLWS	55,00	25	50	1.037	10,0	
69	-54,25 MLWS	55,25	26	50	1.063	9,6	
70	-54,50 MLWS	55,50	26	55	1.089	9,6	
71	-54,75 MLWS	55,75	26	55	1.115	9,6	
72	-55,00 MLWS	56,00	26	55	1.141	9,6	
73	-55,25 MLWS	56,25	26	55	1.167	9,6	
74	-55,50 MLWS	56,50	26	55	1.193	9,6	
75	-55,75 MLWS	56,75	26	55	1.219	9,6	
76	-56,00 MLWS	57,00	26	55	1.245	9,6	
77	-56,25 MLWS	57,25	26	60	1.271	9,6	
78	-56,50 MLWS	57,50	27	60	1.298	9,3	
79	-56,75 MLWS	57,75	27	60	1.325	9,3	
80	-57,00 MLWS	58,00	27	70	1.352	9,3	
81	-57,25 MLWS	58,25	27	75	1.379	9,3	
82	-57,50 MLWS	58,50	27	75	1.406	9,3	
83	-57,75 MLWS	58,75	25	75	1.431	10,0	
84	-58,00 MLWS	59,00	25	75	1.456	10,0	
85	-58,25 MLWS	59,25	26	75	1.482	9,6	
86	-58,50 MLWS	59,50	26	75	1.508	9,6	
87	-58,75 MLWS	59,75	26	75	1.534	9,6	
88	-59,00 MLWS	60,00	26	75	1.560	9,6	
89	-59,25 MLWS	60,25	27	80	1.587	9,3	
90	-59,50 MLWS	60,50	27	80	1.614	9,3	
91	-59,75 MLWS	60,75	30	90	1.644	8,3	
92	-60,00 MLWS	61,00	30	90	1.674	8,3	
93	-60,25 MLWS	61,25	30	100	1.704	8,3	
94	-60,50 MLWS	61,50	30	110	1.734	8,3	
95	-60,75 MLWS	61,75	27	110	1.761	9,3	
96	-61,00 MLWS	62,00	22	120	1.783	11,4	
97	-61,25 MLWS	62,25	22	120	1.805	11,4	
98	-61,50 MLWS	62,50	25	120	1.830	10,0	
99	-61,75 MLWS	62,75	22	120	1.852	11,4	
100	-62,00 MLWS	63,00	22	120	1.874	11,4	
101	-62,25 MLWS	63,25	22	120	1.896	11,4	151 0,90 MLWS 0,10 16 255 2.489 6,3
102	-62,50 MLWS	63,50	22	120	1.918	11,4	
103	-62,75 MLWS	63,75	22	120	1.940	11,4	
104	-63,00 MLWS	64,00	26	120	1.966	9,6	
105	-63,25 MLWS	64,25	26	120	1.992	9,6	
106	-63,50 MLWS	64,50	26	120	2.018	9,6	
107	-63,75 MLWS	64,75	26	120	2.044	9,6	
108	-64,00 MLWS	65,00	26	120	2.070	9,6	
109	-64,25 MLWS	65,25	26	120	2.096	9,6	
110	-64,50 MLWS	65,50	26	120	2.122	9,6	
111	-64,75 MLWS	65,75	26	120	2.148	9,6	
112	-65,00 MLWS	66,00	26	120	2.174	9,6	
113	-65,25 MLWS	66,25	26	130	2.200	9,6	
114	-65,50 MLWS	66,50	26	130	2.226	9,6	
115	-65,75 MLWS	66,75	26	130	2.252	9,6	
116	-66,00 MLWS	67,00	27	130	2.279	9,3	
117	-66,25 MLWS	67,25	27	130	2.306	9,3	
118	-66,50 MLWS	67,50	27	150	2.333	9,3	
119	-66,75 MLWS	67,75	30	180	2.363	8,3	
120	-67,00 MLWS	68,00	30	180	2.393	8,3	
121	-67,25 MLWS	68,25	30	180	2.423	8,3	
122	-67,50 MLWS	68,50	30	180	2.453	8,3	
123	-67,65 MLWS	68,65	20	180	2.473	7,5	
