N°	Toe Level	Graduation	Blow_Count	Energy(kJ)	Cumulative_blow_Count	Penetration_per_blow(mm/blow)	comments
1	-41,08 MLWS	42,00					
2	-41,33 MLWS	42,25	5	36	5	50	
3	-41,58 MLWS	42,50	7	36	12	36	
4	-41,83 MLWS	42,75	7	36	19	36	
5	-42,08 MLWS	43,00	7	36	26	36	
6	-42,33 MLWS	43,25	7	36	33	36	
7	-42,58 MLWS	43,50	7	36	40	36	
8	-42,83 MLWS	43,75	7	36	47	36	
9	-43,08 MLWS	44,00	7	36	54	36	
10	-43,33 MLWS	44,25	7	36	61	36	
11	-43,58 MLWS	44,50	7	36	68	36	
12	-43,83 MLWS	44,75	7	36	75	36	
13	-44,08 MLWS	45,00	7	36	82	36	
14	-44,33 MLWS	45,25	7	36	89	36	
15	-44,58 MLWS	45,50	7	36	96	36	
16	-44,83 MLWS	45,75	8	36	104	31	
17	-45,08 MLWS	46,00	8	36	112	31	
18	-45,33 MLWS	46,25	8	36	120	31	
19	-45,58 MLWS	46,50	8	36	128	31	
20	-45,83 MLWS	46,75	8	36	136	31	
21	-46,08 MLWS	47,00	9	36	145	28	
22	-46,33 MLWS	47,25	9	36	154	28	
23	-46,58 MLWS	47,50	11	36	165	23	
24	-46,83 MLWS	47,75	11	36	176	23	
25	-47,08 MLWS	48,00	18	36	194	14	
26	-47,33 MLWS	48,25	22	36	216	11	
27	-47,58 MLWS	48,50	27	36	243	9	
28	-47,83 MLWS	48,75	27	36	270	9	
29	-48,08 MLWS	49,00	27	36	297	9	
30	-48,33 MLWS	49,25	27	36	324	9	
31	-48,58 MLWS	49,50	27	40	351	9	
32	-48,83 MLWS	49,75	27	40	378	9	
33	-49,08 MLWS	50,00	32	40	410	8	
34	-49,33 MLWS	50,25	32	40	442	8	
35	-49,58 MLWS	50,50	27	40	469	9	
36	-49,83 MLWS	50,75	27	40	496	9	
37	-50,08 MLWS	51,00	27	40	523	9	
38	-50,33 MLWS	51,25	27	40	550	9	
39	-50,58 MLWS	51,50	17	40	567	15	
40	-50,83 MLWS	51,75	17	40	584	15	
41	-51,08 MLWS	52,00	17	40	601	15	
42	-51,33 MLWS	52,25	17	40	618	15	
43	-51,58 MLWS	52,50	17	40	635	15	
44	-51,83 MLWS	52,75	17	40	652	15	
45	-52,08 MLWS	53,00	17	40	669	15	
46	-52,33 MLWS	53,25	17	40	686	15	
47	-52,58 MLWS	53,50	18	40	704	14	
48	-52,83 MLWS	53,75	17	40	721	15	
49	-53,08 MLWS	54,00	16	40	737	16	
50	-53,33 MLWS	54,25	16	40	753	16	
51	-53,58 MLWS	54,50	16	40	769	15,6	
52	-53,83 MLWS	54,75	16	40	785	15,6	
53	-54,08 MLWS	55,00	18	40	803	13,9	
54	-54,33 MLWS	55,25	18	40	821	13,9	
55	-54,58 MLWS	55,50	18	40	839	13,9	
56	-54,83 MLWS	55,75	18	40	857	13,9	
57	-55,08 MLWS	56,00	19	40	876	13,2	
58	-55,33 MLWS	56,25	19	40	895	13,2	
59	-55,58 MLWS	56,50	22	40	917	11,4	
60	-55,83 MLWS	56,75	22	40	939	11,4	
61	-56,08 MLWS	57,00	24	40	963	10,4	
62	-56,33 MLWS	57,25	24	40	987	10,4	
63	-56,58 MLWS	57,50	24	40	1.011	10,4	
64	-56,83 MLWS	57,75	24	40	1.035	10,4	
65	-57,08 MLWS	58,00	24	40	1.059	10,4	
66	-57,33 MLWS	58,25	27	40	1.086	9,3	
67	-57,58 MLWS	58,50	27	40	1.113	9,3	
68	-57,83 MLWS	58,75	27	40	1.140	9,3	
69	-58,08 MLWS	59,00	27	40	1.167	9,3	
70	-58,33 MLWS	59,25	27	40	1.194	9,3	
71	-58,58 MLWS	59,50	27	40	1.221	9,3	
72	-58,83 MLWS	59,75	27	40	1.248	9,3	
73	-59,08 MLWS	60,00	27	40	1.275	9,3	
74	-59,33 MLWS	60,25	27	70	1.302	9,3	
75	-59,58 MLWS	60,50	17	70	1.319	14,7	
76	-59,83 MLWS	60,75	17	70	1.336	14,7	
77	-60,08 MLWS	61,00	17	75	1.353	14,7	
78	-60,33 MLWS	61,25	18	75	1.371	13,9	
79	-60,58 MLWS	61,50	23	75	1.394	10,9	
80	-60,83 MLWS	61,75	30	75	1.424	8,3	
81	-61,08 MLWS	62,00	30	90	1.454	8,3	
82	-61,33 MLWS	62,25	30	90	1.484	8,3	
83	-61,58 MLWS	62,50	30	90	1.514	8,3	
84	-61,83 MLWS	62,75	30	100	1.544	8,3	
85	-62,08 MLWS	63,00	29	100	1.573	8,6	
86	-62,33 MLWS	63,25	29	100	1.602	8,6	
87	-62,58 MLWS	63,50	29	100	1.631	8,6	
88	-62,83 MLWS	63,75	24	100	1.655	10,4	
89	-63,08 MLWS	64,00	24	100	1.679	10,4	
90	-63,33 MLWS	64,25	23	100	1.702	10,9	
91	-63,58 MLWS	64,50	23	100	1.725	10,9	
92	-63,83 MLWS	64,75	23	100	1.748	10,9	
93	-64,08 MLWS	65,00	25	100	1.773	10,0	
94	-64,33 MLWS	65,25	25	100	1.798	10,0	
95	-64,58 MLWS	65,50	25	100	1.823	10,0	
96	-64,83 MLWS	65,75	25	100	1.848	10,0	
97	-65,08 MLWS	66,00	25	100	1.873	10,0	
98	-65,33 MLWS	66,25	25	100	1.898	10,0	
99	-65,58 MLWS	66,50	25	100	1.923	10,0	
100	-65,83 MLWS	66,75	25	100	1.948	10,0	
101	-66,08 MLWS	67,00	25	100	1.973	10,0	
102	-66,33 MLWS	67,25	25	110	1.998	10,0	
103	-66,58 MLWS	67,50	26	110	2.024	9,6	
104	-66,83 MLWS	67,75	26	110	2.050	9,6	
105	-67,08 MLWS	68,00	26	110	2.076	9,6	
106	-67,33 MLWS	68,25	26	130	2.102	9,6	
107	-67,58 MLWS	68,50	26	130	2.128	9,6	
108	-67,83 MLWS	68,75	26	140	2.154	9,6	
109	-68,08 MLWS	69,00	26	140	2.180	9,6	
110	-68,33 MLWS	69,25	26	140	2.206	9,6	
111	-68,58 MLWS	69,50	23	140	2.229	10,9	
112	-68,83 MLWS	69,75	23	150	2.252	10,9	
113	-69,08 MLWS	70,00	21	150	2.273	11,9	
114	-69,33 MLWS	70,25	21	150	2.294	11,9	
115	-69,58 MLWS	70,50	22	170	2.316	11,4	
116	-69,83 MLWS	70,75	22	170	2.338	11,4	
117	-70,08 MLWS	71,00	20	170	2.358	12,5	
118	-70,33 MLWS	71,25	18	160	2.376	13,9	
119	-70,58 MLWS	71,50	27	160	2.403	9,3	
120	-70,83 MLWS	71,75	20	160	2.423	12,5	
121	-71,08 MLWS	72,00	20	160	2.443	12,5	
122	-71,33 MLWS	72,25	24	160	2.467	10,4	
123	-71,58 MLWS	72,50	27	180	2.494	9,3	
124	-71,83 MLWS	72,75	27	190	2.521	9,3	
125	-72,08 MLWS	73,00	27	190	2.548	9,3	
126	-72,33 MLWS	73,25	27	190	2.575	9,3	
127	-72,58 MLWS	73,50	24	200	2.599	10,4	
128	-72,83 MLWS	73,75	24	200	2.623	10,4	
129	-73,08 MLWS	74,00	24	200	2.647	10,4	
130	-73,33 MLWS	74,25	24	200	2.671	10,4	
131	-73,58 MLWS	74,50	26	200	2.697	9,6	
132	-73,83 MLWS	74,75	26	200	2.723	9,6	
133	-74,08 MLWS	75,00	26	200	2.749	9,6	
134	-74,33 MLWS	75,25	26	200	2.775	9,6	
135	-74,58 MLWS	75,50	26	200	2.801	9,6	
136	-74,83 MLWS	75,75	26	200	2.827	9,6	
137	-75,08 MLWS	76,00	26	200	2.853	9,6	
138	-75,33 MLWS	76,25	26	200	2.879	9,6	
139	-75,58 MLWS	76,50	24	200	2.903	10,4	
140	-75,83 MLWS	76,75	24	200	2.927	10,4	
141	-76,08 MLWS	77,00	24	200	2.951	10,4	
142	-76,33 MLWS	77,25	25	230	2.976	10,0	
143	-76,58 MLWS	77,50	26	230	3.002	9,6	
144	-76,83 MLWS	77,75	26	230	3.028	9,6	
145	-77,08 MLWS	78,00	26	230	3.054	9,6	
146	-77,33 MLWS	78,25	26	230	3.080	9,6	
147	-77,58 MLWS	78,50	26	230	3.106	9,6	
148	-77,83 MLWS	78,75	26	230	3.132	9,6	
149	-78,08 MLWS	79,00	30	230	3.162	8,3	
150	-78,33 MLWS	79,25	30	230	3.192	8,3	
151	-78,58 MLWS	79,50	30	250	3.222	8,3	
152	-78,83 MLWS	79,75	18	250	3.240	13,9	
