N°	Toe Level	Graduation	Blow_Count	Energy(kJ)	Cumulative_blow_Count	Penetration_per_blow(mm/blow)	comments
1	-33,22 MLWS	34,50					
2	-33,47 MLWS	34,75	3	72	3	83	
3	-33,72 MLWS	35,00	2	72	5	125	
4	-33,97 MLWS	35,25	2	72	7	125	
5	-34,22 MLWS	35,50	2	72	9	125	
6	-34,47 MLWS	35,75	2	72	11	125	
7	-34,72 MLWS	36,00	2	72	13	125	
8	-34,97 MLWS	36,25	2	72	15	125	
9	-35,22 MLWS	36,50	2	72	17	125	
10	-35,47 MLWS	36,75	2	72	19	125	
11	-35,72 MLWS	37,00	2	72	21	125	
12	-35,97 MLWS	37,25	2	72	23	125	
13	-36,22 MLWS	37,50	2	72	25	125	
14	-36,47 MLWS	37,75	2	72	27	125	
15	-36,72 MLWS	38,00	2	72	29	125	
16	-36,97 MLWS	38,25	3	72	32	83	
17	-37,22 MLWS	38,50	2	72	34	125	
18	-37,47 MLWS	38,75	3	72	37	83	
19	-37,72 MLWS	39,00	3	72	40	83	
20	-37,97 MLWS	39,25	2	72	42	125	
21	-38,22 MLWS	39,50	3	72	45	83	
22	-38,47 MLWS	39,75	3	72	48	83	
23	-38,72 MLWS	40,00	3	72	51	83	
24	-38,97 MLWS	40,25	2	72	53	125	
25	-39,22 MLWS	40,50	3	72	56	83	
26	-39,47 MLWS	40,75	3	72	59	83	
27	-39,72 MLWS	41,00	3	72	62	83	
28	-39,97 MLWS	41,25	4	72	66	63	
29	-40,22 MLWS	41,50	3	72	69	83	
30	-40,47 MLWS	41,75	3	72	72	83	
31	-40,72 MLWS	42,00	3	72	75	83	
32	-40,97 MLWS	42,25	3	72	78	83	
33	-41,22 MLWS	42,50	3	72	81	83	
34	-41,47 MLWS	42,75	4	72	85	63	
35	-41,72 MLWS	43,00	3	72	88	83	
36	-41,97 MLWS	43,25	4	72	92	63	
37	-42,22 MLWS	43,50	4	72	96	63	
38	-42,47 MLWS	43,75	4	72	100	63	
39	-42,72 MLWS	44,00	2	72	102	125	
40	-42,97 MLWS	44,25	1	72	103	250	
41	-43,22 MLWS	44,50	1	72	104	250	
42	-43,47 MLWS	44,75	2	72	106	125	
43	-43,72 MLWS	45,00	1	72	107	250	
44	-43,97 MLWS	45,25	2	72	109	125	
45	-44,22 MLWS	45,50	1	72	110	250	
46	-44,47 MLWS	45,75	1	72	111	250	
47	-44,72 MLWS	46,00	1	72	112	250	
48	-44,97 MLWS	46,25	1	72	113	250	
49	-45,22 MLWS	46,50	1	72	114	250	
50	-45,47 MLWS	46,75	1	72	115	250	
51	-45,72 MLWS	47,00	2	72	117	125,0	
52	-45,97 MLWS	47,25	2	72	119	125,0	
53	-46,22 MLWS	47,50	2	72	121	125,0	
54	-46,47 MLWS	47,75	2	72	123	125,0	
55	-46,72 MLWS	48,00	2	72	125	125,0	
56	-46,97 MLWS	48,25	2	72	127	125,0	
57	-47,22 MLWS	48,50	2	72	129	125,0	
58	-47,47 MLWS	48,75	3	72	132	83,3	
59	-47,72 MLWS	49,00	2	72	134	125,0	
60	-47,97 MLWS	49,25	2	72	136	125,0	
61	-48,22 MLWS	49,50	2	72	138	125,0	
62	-48,47 MLWS	49,75	3	72	141	83,3	
63	-48,72 MLWS	50,00	3	72	144	83,3	
64	-48,97 MLWS	50,25	3	72	147	83,3	
65	-49,22 MLWS	50,50	3	72	150	83,3	
66	-49,47 MLWS	50,75	3	72	153	83,3	
67	-49,72 MLWS	51,00	4	72	157	62,5	
68	-49,97 MLWS	51,25	4	72	161	62,5	
69	-50,22 MLWS	51,50	4	72	165	62,5	
70	-50,47 MLWS	51,75	3	72	168	83,3	
71	-50,72 MLWS	52,00	3	72	171	83,3	
72	-50,97 MLWS	52,25	3	72	174	83,3	
73	-51,22 MLWS	52,50	5	72	179	50,0	
74	-51,47 MLWS	52,75	4	72	183	62,5	
75	-51,72 MLWS	53,00	4	72	187	62,5	
76	-51,97 MLWS	53,25	4	72	191	62,5	
77	-52,22 MLWS	53,50	4	72	195	62,5	
78	-52,47 MLWS	53,75	5	72	200	50,0	
79	-52,72 MLWS	54,00	5	72	205	50,0	
80	-52,97 MLWS	54,25	5	72	210	50,0	
81	-53,22 MLWS	54,50	7	72	217	35,7	
82	-53,47 MLWS	54,75	6	72	223	41,7	
83	-53,72 MLWS	55,00	5	72	228	50,0	
84	-53,97 MLWS	55,25	6	72	234	41,7	
85	-54,22 MLWS	55,50	7	72	241	35,7	
86	-54,47 MLWS	55,75	6	72	247	41,7	
87	-54,72 MLWS	56,00	7	72	254	35,7	
88	-54,97 MLWS	56,25	11	72	265	22,7	
89	-55,22 MLWS	56,50	7	72	272	35,7	
90	-55,47 MLWS	56,75	6	72	278	41,7	
91	-55,72 MLWS	57,00	8	72	286	31,3	
92	-55,97 MLWS	57,25	8	72	294	31,3	
93	-56,22 MLWS	57,50	8	72	302	31,3	
94	-56,47 MLWS	57,75	8	72	310	31,3	
95	-56,72 MLWS	58,00	8	72	318	31,3	
96	-56,97 MLWS	58,25	9	72	327	27,8	
97	-57,22 MLWS	58,50	10	72	337	25,0	
98	-57,47 MLWS	58,75	9	72	346	27,8	
99	-57,72 MLWS	59,00	9	72	355	27,8	
100	-57,97 MLWS	59,25	9	72	364	27,8	
101	-58,22 MLWS	59,50	10	72	374	25,0	
102	-58,47 MLWS	59,75	11	72	385	22,7	
103	-58,72 MLWS	60,00	11	72	396	22,7	
104	-58,97 MLWS	60,25	11	72	407	22,7	
105	-59,22 MLWS	60,50	12	72	419	20,8	
106	-59,47 MLWS	60,75	11	72	430	22,7	
107	-59,72 MLWS	61,00	11	72	441	22,7	
108	-59,97 MLWS	61,25	12	72	453	20,8	
109	-60,22 MLWS	61,50	13	72	466	19,2	
110	-60,47 MLWS	61,75	13	72	479	19,2	
111	-60,72 MLWS	62,00	12	72	491	20,8	
112	-60,97 MLWS	62,25	12	72	503	20,8	
113	-61,22 MLWS	62,50	13	72	516	19,2	
114	-61,47 MLWS	62,75	12	72	528	20,8	
115	-61,72 MLWS	63,00	12	72	540	20,8	
116	-61,97 MLWS	63,25	14	72	554	17,9	
117	-62,22 MLWS	63,50	15	72	569	16,7	
118	-62,47 MLWS	63,75	15	72	584	16,7	
119	-62,72 MLWS	64,00	15	72	599	16,7	
120	-62,97 MLWS	64,25	14	72	613	17,9	
121	-63,22 MLWS	64,50	14	72	627	17,9	
122	-63,47 MLWS	64,75	14	72	641	17,9	
123	-63,72 MLWS	65,00	14	72	655	17,9	
124	-63,97 MLWS	65,25	14	72	669	17,9	
125	-64,22 MLWS	65,50	16	72	685	15,6	
126	-64,47 MLWS	65,75	14	72	699	17,9	
127	-64,72 MLWS	66,00	14	72	713	17,9	
128	-64,97 MLWS	66,25	15	72	728	16,7	
129	-65,22 MLWS	66,50	16	72	744	15,6	
130	-65,47 MLWS	66,75	15	72	759	16,7	
131	-65,72 MLWS	67,00	15	72	774	16,7	
132	-65,97 MLWS	67,25	14	72	788	17,9	
133	-66,22 MLWS	67,50	14	72	802	17,9	
134	-66,47 MLWS	67,75	15	72	817	16,7	
135	-66,72 MLWS	68,00	14	72	831	17,9	
136	-66,97 MLWS	68,25	19	285	850	13,2	
137	-67,22 MLWS	68,50	17	284	867	14,7	
138	-67,47 MLWS	68,75	15	284	882	16,7	
139	-67,72 MLWS	69,00	17	284	899	14,7	
140	-67,97 MLWS	69,25	18	282	917	13,9	
141	-68,22 MLWS	69,50	19	285	936	13,2	
142	-68,47 MLWS	69,75	19	288	955	13,2	
143	-68,72 MLWS	70,00	18	284	973	13,9	
144	-68,97 MLWS	70,25	18	287	991	13,9	
	
