N°	Toe Level	Graduation	Blow_Count	Energy(kJ)	Cumulative_blow_Count	Penetration_per_blow(mm/blow)	comments
1	-34,91 MLWS	36,50					
2	-35,16 MLWS	36,75	2	36	2	125	
3	-35,41 MLWS	37,00	1	36	3	250	
4	-35,66 MLWS	37,25	2	36	5	125	
5	-35,91 MLWS	37,50	2	36	7	125	
6	-36,16 MLWS	37,75	1	36	8	250	
7	-36,41 MLWS	38,00	1	36	9	250	
8	-36,66 MLWS	38,25	1	36	10	250	
9	-36,91 MLWS	38,50	1	36	11	250	
10	-37,16 MLWS	38,75	1	36	12	250	
11	-37,41 MLWS	39,00	1	36	13	250	
12	-37,66 MLWS	39,25	1	36	14	250	
13	-37,91 MLWS	39,50	16	36	30	16	
14	-38,16 MLWS	39,75	14	36	44	18	
15	-38,41 MLWS	40,00	12	36	56	21	
16	-38,66 MLWS	40,25	10	36	66	25	
17	-38,91 MLWS	40,50	9	36	75	28	
18	-39,16 MLWS	40,75	9	36	84	28	
19	-39,41 MLWS	41,00	7	36	91	36	
20	-39,66 MLWS	41,25	10	36	101	25	
21	-39,91 MLWS	41,50	7	36	108	36	
22	-40,16 MLWS	41,75	8	36	116	31	
23	-40,41 MLWS	42,00	8	36	124	31	
24	-40,66 MLWS	42,25	8	36	132	31	
25	-40,91 MLWS	42,50	9	36	141	28	
26	-41,16 MLWS	42,75	10	36	151	25	
27	-41,41 MLWS	43,00	9	36	160	28	
28	-41,66 MLWS	43,25	8	36	168	31	
29	-41,91 MLWS	43,50	8	36	176	31	
30	-42,16 MLWS	43,75	8	36	184	31	
31	-42,41 MLWS	44,00	9	36	193	28	
32	-42,66 MLWS	44,25	9	36	202	28	
33	-42,91 MLWS	44,50	8	36	210	31	
34	-43,16 MLWS	44,75	7	36	217	36	
35	-43,41 MLWS	45,00	6	36	223	42	
36	-43,66 MLWS	45,25	7	36	230	36	
37	-43,91 MLWS	45,50	7	36	237	36	
38	-44,16 MLWS	45,75	8	36	245	31	
39	-44,41 MLWS	46,00	8	36	253	31	
40	-44,66 MLWS	46,25	8	36	261	31	
41	-44,91 MLWS	46,50	8	36	269	31	
42	-45,16 MLWS	46,75	9	36	278	28	
43	-45,41 MLWS	47,00	10	36	288	25	
44	-45,66 MLWS	47,25	9	36	297	28	
45	-45,91 MLWS	47,50	10	36	307	25	
46	-46,16 MLWS	47,75	10	36	317	25	
47	-46,41 MLWS	48,00	10	36	327	25	
48	-46,66 MLWS	48,25	10	36	337	25	
49	-46,91 MLWS	48,50	10	36	347	25	
50	-47,16 MLWS	48,75	9	36	356	28	
51	-47,41 MLWS	49,00	10	36	366	25,0	
52	-47,66 MLWS	49,25	10	36	376	25,0	
53	-47,91 MLWS	49,50	10	36	386	25,0	
54	-48,16 MLWS	49,75	11	36	397	22,7	
55	-48,41 MLWS	50,00	11	36	408	22,7	
56	-48,66 MLWS	50,25	12	36	420	20,8	
57	-48,91 MLWS	50,50	14	36	434	17,9	
58	-49,16 MLWS	50,75	16	36	450	15,6	
59	-49,41 MLWS	51,00	16	36	466	15,6	
60	-49,66 MLWS	51,25	17	36	483	14,7	
61	-49,91 MLWS	51,50	17	36	500	14,7	
62	-50,16 MLWS	51,75	18	36	518	13,9	
63	-50,41 MLWS	52,00	20	36	538	12,5	
64	-50,66 MLWS	52,25	20	36	558	12,5	
65	-50,91 MLWS	52,50	21	36	579	11,9	
66	-51,16 MLWS	52,75	25	36	604	10,0	
67	-51,41 MLWS	53,00	25	36	629	10,0	
68	-51,66 MLWS	53,25	25	36	654	10,0	
69	-51,91 MLWS	53,50	25	36	679	10,0	
70	-52,16 MLWS	53,75	28	36	707	8,9	
71	-52,41 MLWS	54,00	34	72	741	7,4	
72	-52,66 MLWS	54,25	31	72	772	8,1	
73	-52,91 MLWS	54,50	34	72	806	7,4	
74	-53,16 MLWS	54,75	35	72	841	7,1	
75	-53,41 MLWS	55,00	35	72	876	7,1	
76	-53,66 MLWS	55,25	35	72	911	7,1	
77	-53,91 MLWS	55,50	37	72	948	6,8	
78	-54,16 MLWS	55,75	39	72	987	6,4	
79	-54,41 MLWS	56,00	39	72	1.026	6,4	
80	-54,66 MLWS	56,25	39	72	1.065	6,4	
81	-54,91 MLWS	56,50	38	72	1.103	6,6	
82	-55,16 MLWS	56,75	36	72	1.139	6,9	
83	-55,41 MLWS	57,00	37	72	1.176	6,8	
84	-55,66 MLWS	57,25	34	72	1.210	7,4	
85	-55,91 MLWS	57,50	25	72	1.235	10,0	
86	-56,16 MLWS	57,75	26	72	1.261	9,6	
87	-56,41 MLWS	58,00	21	72	1.282	11,9	
88	-56,66 MLWS	58,25	19	110	1.301	13,2	
89	-56,91 MLWS	58,50	27	110	1.328	9,3	
90	-57,16 MLWS	58,75	23	110	1.351	10,9	
91	-57,41 MLWS	59,00	25	110	1.376	10,0	
92	-57,66 MLWS	59,25	26	110	1.402	9,6	
93	-57,91 MLWS	59,50	27	110	1.429	9,3	
94	-58,16 MLWS	59,75	25	110	1.454	10,0	
95	-58,41 MLWS	60,00	25	110	1.479	10,0	
96	-58,66 MLWS	60,25	26	110	1.505	9,6	
97	-58,91 MLWS	60,50	27	110	1.532	9,3	
98	-59,16 MLWS	60,75	27	110	1.559	9,3	
99	-59,41 MLWS	61,00	29	110	1.588	8,6	
100	-59,66 MLWS	61,25	30	110	1.618	8,3	
101	-59,91 MLWS	61,50	37	72	1.655	6,8	
102	-60,16 MLWS	61,75	60	72	1.715	4,2	
103	-60,41 MLWS	62,00	86	72	1.801	2,9	
104	-60,66 MLWS	62,25	71	72	1.872	3,5	
105	-60,91 MLWS	62,50	77	100	1.949	3,2	
106	-61,16 MLWS	62,75	78	100	2.027	3,2	
107	-61,41 MLWS	63,00	50	100	2.077	5,0	
108	-61,66 MLWS	63,25	50	120	2.127	5,0	
109	-61,91 MLWS	63,50	41	120	2.168	6,1	
110	-62,16 MLWS	63,75	41	140	2.209	6,1	
111	-62,41 MLWS	64,00	37	140	2.246	6,8	
112	-62,66 MLWS	64,25	38	140	2.284	6,6	
113	-62,91 MLWS	64,50	37	140	2.321	6,8	
114	-63,16 MLWS	64,75	40	140	2.361	6,3	
115	-63,41 MLWS	65,00	40	140	2.401	6,3	
116	-63,66 MLWS	65,25	42	160	2.443	6,0	
117	-63,91 MLWS	65,50	34	180	2.477	7,4	
118	-64,16 MLWS	65,75	34	180	2.511	7,4	
119	-64,41 MLWS	66,00	32	180	2.543	7,8	
120	-64,66 MLWS	66,25	32	190	2.575	7,8	
121	-64,91 MLWS	66,50	30	190	2.605	8,3	
122	-65,16 MLWS	66,75	30	200	2.635	8,3	
123	-65,41 MLWS	67,00	27	200	2.662	9,3	
124	-65,66 MLWS	67,25	27	200	2.689	9,3	
125	-65,91 MLWS	67,50	28	200	2.717	8,9	
126	-66,16 MLWS	67,75	28	200	2.745	8,9	
127	-66,41 MLWS	68,00	28	200	2.773	8,9	
128	-66,66 MLWS	68,25	28	200	2.801	8,9	
129	-66,91 MLWS	68,50	28	200	2.829	8,9	
130	-67,16 MLWS	68,75	29	200	2.858	8,6	
131	-67,41 MLWS	69,00	29	200	2.887	8,6	
132	-67,66 MLWS	69,25	30	200	2.917	8,3	
133	-67,91 MLWS	69,50	30	210	2.947	8,3	
134	-68,16 MLWS	69,75	30	210	2.977	8,3	
135	-68,41 MLWS	70,00	31	210	3.008	8,1	
136	-68,66 MLWS	70,25	31	210	3.039	8,1	
137	-68,91 MLWS	70,50	31	220	3.070	8,1	
138	-69,16 MLWS	70,75	31	220	3.101	8,1	
139	-69,41 MLWS	71,00	32	220	3.133	7,8	
140	-69,66 MLWS	71,25	32	220	3.165	7,8	
141	-69,91 MLWS	71,50	33	230	3.198	7,6	
142	-70,16 MLWS	71,75	33	230	3.231	7,6	
143	-70,41 MLWS	72,00	32	230	3.263	7,8	
144	-70,66 MLWS	72,25	32	230	3.295	7,8	
145	-70,91 MLWS	72,50	33	230	3.328	7,6	
146	-71,16 MLWS	72,75	33	230	3.361	7,6	
147	-71,41 MLWS	73,00	33	230	3.394	7,6	
148	-71,66 MLWS	73,25	33	230	3.427	7,6	
149	-71,91 MLWS	73,50	36	230	3.463	6,9	
150	-72,16 MLWS	73,75	36	230	3.499	6,9	
151	-72,41 MLWS	74,00	36	230	3.535	6,9	
152	-72,66 MLWS	74,25	35	230	3.570	7,1	
153	-72,91 MLWS	74,50	35	230	3.605	7,1	
154	-73,16 MLWS	74,75	36	230	3.641	6,9	
155	-73,41 MLWS	75,00	36	230	3.677	6,9	
156	-73,66 MLWS	75,25	38	230	3.715	6,6	
157	-73,91 MLWS	75,50	38	230	3.753	6,6	
158	-74,16 MLWS	75,75	38	230	3.791	6,6	
159	-74,41 MLWS	76,00	38	230	3.829	6,6	
160	-74,66 MLWS	76,25	40	230	3.869	6,3	
161	-74,91 MLWS	76,50	25	230	3.894	10,0	
162	-75,16 MLWS	76,75	3.894	-			
163	-75,41 MLWS	77,00	3.894	-			
164	-75,66 MLWS	77,25	3.894	-			
165	-75,91 MLWS	77,50	3.894	-			
166	-76,16 MLWS	77,75	3.894	-			
167	-76,41 MLWS	78,00	3.894	-			
168	-76,66 MLWS	78,25	3.894	-			
169	-76,91 MLWS	78,50	3.894	-			
170	-77,16 MLWS	78,75	3.894	-			
171	-77,41 MLWS	79,00	3.894	-			
172	-77,66 MLWS	79,25	3.894	-			
173	-77,91 MLWS	79,50	3.894	-			
174	-78,16 MLWS	79,75	3.894	-			
175	-78,41 MLWS	80,00	3.894	-			
176	-78,66 MLWS	80,25	3.894	-			
177	-78,91 MLWS	80,50	3.894	-			
178	-79,16 MLWS	80,75	3.894	-			
179	-79,41 MLWS	81,00	3.894	-			
180	-79,66 MLWS	81,25	3.894	-			
181	-79,91 MLWS	81,50	3.894	-			
182	-80,16 MLWS	81,75	3.894	-			
183	-80,41 MLWS	82,00	3.894	-			
184	-80,66 MLWS	82,25	3.894	-			
185	-80,91 MLWS	82,50	3.894	-			
186	-81,16 MLWS	82,75	3.894	-			
187	-81,41 MLWS	83,00	3.894	-			
188	-81,66 MLWS	83,25	3.894	-			
189	-81,91 MLWS	83,50	3.894	-			
190	-82,16 MLWS	83,75	3.894	-			
191	-82,41 MLWS	84,00	3.894	-			
192	-82,66 MLWS	84,25	3.894	-			
193	-82,91 MLWS	84,50	3.894	-			
194	-83,16 MLWS	84,75	3.894	-			
195	-83,41 MLWS	85,00	3.894	-			
196	-83,66 MLWS	85,25	3.894	-			
197	-83,91 MLWS	85,50	3.894	-			
198	-84,16 MLWS	85,75	3.894	-			
199	-84,41 MLWS	86,00	3.894	-			
200	-84,66 MLWS	86,25	3.894	-			
201	-84,91 MLWS	86,50	3.894	-			
202	-85,16 MLWS	86,75	-	3.894			
203	-85,41 MLWS	87,00	3.894	-			
204	-85,66 MLWS	87,25	3.894	-			
205	-85,91 MLWS	87,50	3.894	-			
206	-86,16 MLWS	87,75	3.894	-			
207	-86,41 MLWS	88,00	3.894	-			
208	-86,66 MLWS	88,25	3.894	-			
209	-86,91 MLWS	88,50	3.894	-			
210	-87,16 MLWS	88,75	3.894	-			
211	-87,41 MLWS	89,00	3.894	-			
212	-87,66 MLWS	89,25	3.894	-	
213	-87,91 MLWS	89,50	3.894	-	
214	-88,16 MLWS	89,75	3.894	-	
215	-88,41 MLWS	90,00	3.894	-	
216	-88,66 MLWS	90,25	3.894	-	
217	-88,91 MLWS	90,50	3.894	-	
218	-89,16 MLWS	90,75	3.894	-	
219	-89,41 MLWS	91,00	3.894	-	
220	-89,66 MLWS	91,25	3.894	-	
221	-89,91 MLWS	91,50	3.894	-	
222	-90,16 MLWS	91,75	3.894	-	
223	-90,41 MLWS	92,00	3.894	-	
224	-90,66 MLWS	92,25	3.894	-	
225	-90,91 MLWS	92,50	3.894	-	
226	-91,16 MLWS	92,75	3.894	-	
227	-91,41 MLWS	93,00	3.894	-	
228	-91,66 MLWS	93,25	3.894	-	
229	-91,91 MLWS	93,50	3.894	-	
230	-92,16 MLWS	93,75	3.894	-	
231	-92,41 MLWS	94,00	3.894	-	
232	-92,66 MLWS	94,25	3.894	-	
233	-92,91 MLWS	94,50	3.894	-	
234	-93,16 MLWS	94,75	3.894	-	
235	-93,41 MLWS	95,00	3.894	-	
236	-93,66 MLWS	95,25	3.894	-	
237	-93,91 MLWS	95,50	3.894	-			
238	-94,16 MLWS	95,75	3.894	-			
239	-94,41 MLWS	96,00	3.894	-			
240	-94,66 MLWS	96,25	3.894	-			
241	-94,91 MLWS	96,50	3.894	-			
242	-95,16 MLWS	96,75	3.894	-			
243	-95,41 MLWS	97,00	3.894	-			
244	-95,66 MLWS	97,25	3.894	-			
245	-95,91 MLWS	97,50	3.894	-			
246	-96,16 MLWS	97,75	3.894	-			
247	-96,41 MLWS	98,00	3.894	-			
248	-96,66 MLWS	98,25	3.894	-			
249	-96,91 MLWS	98,50	3.894	-			
250	-97,16 MLWS	98,75	3.894	-			
251	-97,41 MLWS	99,00	30	200	3.924	8,3	
252	-97,66 MLWS	99,25	31	200	3.955	8,1	
253	-97,91 MLWS	99,50	31	200	3.986	8,1	
254	-98,16 MLWS	99,75	33	210	4.019	7,6	
255	-98,41 MLWS	100,00	30	210	4.049	8,3	
256	-98,66 MLWS	100,25	31	210	4.080	8,1	
257	-98,91 MLWS	100,50	32	210	4.112	7,8	
258	-99,16 MLWS	100,75	33	210	4.145	7,6	
259	-99,41 MLWS	101,00	31	210	4.176	8,1	
260	-99,66 MLWS	101,25	31	210	4.207	8,1	
261	-99,91 MLWS	101,50	32	210	4.239	7,8	
287	- 5.463	-					
288	- 5.463	-					
289	- 5.463	-					
290	- 5.463	-					
291	- 5.463	-					
292	- 5.463	-					
293	- 5.463	-					
294	- 5.463	-					
295	- 5.463	-					
296	- 5.463	-					
297	- 5.463	-					
298	- 5.463	-					
299	- 5.463	-					
300	- 5.463	-					
