N°	Toe Level	Graduation	Blow_Count	Energy(kJ)	Cumulative_blow_Count	Penetration_per_blow(mm/blow)	comments
1	-31,27 MLWS	32,75					
2	-31,52 MLWS	33,00	3	36	3	83	
3	-31,77 MLWS	33,25	3	36	6	83	
4	-32,02 MLWS	33,50	4	36	10	63	
5	-32,27 MLWS	33,75	4	36	14	63	
6	-32,52 MLWS	34,00	4	36	18	63	
7	-32,77 MLWS	34,25	4	36	22	63	
8	-33,02 MLWS	34,50	3	36	25	83	
9	-33,27 MLWS	34,75	4	36	29	63	
10	-33,52 MLWS	35,00	4	36	33	63	
11	-33,77 MLWS	35,25	4	36	37	63	
12	-34,02 MLWS	35,50	4	36	41	63	
13	-34,27 MLWS	35,75	4	36	45	63	
14	-34,52 MLWS	36,00	4	36	49	63	
15	-34,77 MLWS	36,25	4	36	53	63	
16	-35,02 MLWS	36,50	4	36	57	63	
17	-35,27 MLWS	36,75	4	36	61	63	
18	-35,52 MLWS	37,00	5	36	66	50	
19	-35,77 MLWS	37,25	4	36	70	63	
20	-36,02 MLWS	37,50	3	36	73	83	
21	-36,27 MLWS	37,75	4	36	77	63	
22	-36,52 MLWS	38,00	3	36	80	83	
23	-36,77 MLWS	38,25	3	36	83	83	
24	-37,02 MLWS	38,50	3	36	86	83	
25	-37,27 MLWS	38,75	5	36	91	50	
26	-37,52 MLWS	39,00	5	36	96	50	
27	-37,77 MLWS	39,25	5	36	101	50	
28	-38,02 MLWS	39,50	5	36	106	50	
29	-38,27 MLWS	39,75	5	36	111	50	
30	-38,52 MLWS	40,00	5	36	116	50	
31	-38,77 MLWS	40,25	14	36	130	18	
32	-39,02 MLWS	40,50	14	36	144	18	
33	-39,27 MLWS	40,75	12	36	156	21	
34	-39,52 MLWS	41,00	12	36	168	21	
35	-39,77 MLWS	41,25	10	36	178	25	
36	-40,02 MLWS	41,50	11	36	189	23	
37	-40,27 MLWS	41,75	12	36	201	21	
38	-40,52 MLWS	42,00	10	36	211	25	
39	-40,77 MLWS	42,25	11	36	222	23	
40	-41,02 MLWS	42,50	12	36	234	21	
41	-41,27 MLWS	42,75	13	36	247	19	
42	-41,52 MLWS	43,00	14	36	261	18	
43	-41,77 MLWS	43,25	11	36	272	23	
44	-42,02 MLWS	43,50	10	36	282	25	
45	-42,27 MLWS	43,75	10	36	292	25	
46	-42,52 MLWS	44,00	10	36	302	25	
47	-42,77 MLWS	44,25	11	36	313	23	
48	-43,02 MLWS	44,50	12	36	325	21	
49	-43,27 MLWS	44,75	12	36	337	21	
50	-43,52 MLWS	45,00	11	36	348	23	
51	-43,77 MLWS	45,25	11	36	359	22,7	
52	-44,02 MLWS	45,50	12	36	371	20,8	
53	-44,27 MLWS	45,75	12	36	383	20,8	
54	-44,52 MLWS	46,00	11	36	394	22,7	
55	-44,77 MLWS	46,25	10	36	404	25,0	
56	-45,02 MLWS	46,50	11	36	415	22,7	
57	-45,27 MLWS	46,75	12	36	427	20,8	
58	-45,52 MLWS	47,00	13	36	440	19,2	
59	-45,77 MLWS	47,25	14	36	454	17,9	
60	-46,02 MLWS	47,50	13	36	467	19,2	
61	-46,27 MLWS	47,75	13	36	480	19,2	
62	-46,52 MLWS	48,00	14	36	494	17,9	
63	-46,77 MLWS	48,25	15	36	509	16,7	
64	-47,02 MLWS	48,50	15	36	524	16,7	
65	-47,27 MLWS	48,75	14	36	538	17,9	
66	-47,52 MLWS	49,00	13	36	551	19,2	
67	-47,77 MLWS	49,25	14	36	565	17,9	
68	-48,02 MLWS	49,50	12	36	577	20,8	
69	-48,27 MLWS	49,75	11	36	588	22,7	
70	-48,52 MLWS	50,00	11	36	599	22,7	
71	-48,77 MLWS	50,25	12	36	611	20,8	
72	-49,02 MLWS	50,50	12	36	623	20,8	
73	-49,27 MLWS	50,75	12	36	635	20,8	
74	-49,52 MLWS	51,00	12	36	647	20,8	
75	-49,77 MLWS	51,25	15	36	662	16,7	
76	-50,02 MLWS	51,50	15	36	677	16,7	
77	-50,27 MLWS	51,75	14	36	691	17,9	
78	-50,52 MLWS	52,00	15	36	706	16,7	
79	-50,77 MLWS	52,25	15	36	721	16,7	
80	-51,02 MLWS	52,50	15	36	736	16,7	
81	-51,27 MLWS	52,75	14	36	750	17,9	
82	-51,52 MLWS	53,00	15	36	765	16,7	
83	-51,77 MLWS	53,25	16	36	781	15,6	
84	-52,02 MLWS	53,50	16	36	797	15,6	
85	-52,27 MLWS	53,75	16	36	813	15,6	
86	-52,52 MLWS	54,00	16	36	829	15,6	
87	-52,77 MLWS	54,25	16	36	845	15,6	
88	-53,02 MLWS	54,50	16	36	861	15,6	
89	-53,27 MLWS	54,75	16	36	877	15,6	
90	-53,52 MLWS	55,00	16	36	893	15,6	
91	-53,77 MLWS	55,25	18	36	911	13,9	
92	-54,02 MLWS	55,50	18	36	929	13,9	
93	-54,27 MLWS	55,75	16	36	945	15,6	
94	-54,52 MLWS	56,00	16	36	961	15,6	
95	-54,77 MLWS	56,25	15	36	976	16,7	
96	-55,02 MLWS	56,50	14	36	990	17,9	
97	-55,27 MLWS	56,75	13	36	1.003	19,2	
98	-55,52 MLWS	57,00	13	36	1.016	19,2	
99	-55,77 MLWS	57,25	13	36	1.029	19,2	
100	-56,02 MLWS	57,50	13	36	1.042	19,2	
101	-56,27 MLWS	57,75	14	36	1.056	17,9	
102	-56,52 MLWS	58,00	14	36	1.070	17,9	
103	-56,77 MLWS	58,25	14	36	1.084	17,9	
104	-57,02 MLWS	58,50	14	36	1.098	17,9	
105	-57,27 MLWS	58,75	14	36	1.112	17,9	
106	-57,52 MLWS	59,00	15	36	1.127	16,7	
107	-57,77 MLWS	59,25	15	36	1.142	16,7	
108	-58,02 MLWS	59,50	15	36	1.157	16,7	
109	-58,27 MLWS	59,75	14	36	1.171	17,9	
110	-58,52 MLWS	60,00	15	36	1.186	16,7	
111	-58,77 MLWS	60,25	18	36	1.204	13,9	
112	-59,02 MLWS	60,50	18	36	1.222	13,9	
113	-59,27 MLWS	60,75	18	36	1.240	13,9	
114	-59,52 MLWS	61,00	17	36	1.257	14,7	
115	-59,77 MLWS	61,25	16	36	1.273	15,6	
116	-60,02 MLWS	61,50	17	36	1.290	14,7	
117	-60,27 MLWS	61,75	18	36	1.308	13,9	
118	-60,52 MLWS	62,00	17	36	1.325	14,7	
119	-60,77 MLWS	62,25	18	36	1.343	13,9	
120	-61,02 MLWS	62,50	14	36	1.357	17,9	
121	-61,27 MLWS	62,75	14	36	1.371	17,9	
122	-61,52 MLWS	63,00	14	36	1.385	17,9	
123	-61,77 MLWS	63,25	14	36	1.399	17,9	
124	-62,02 MLWS	63,50	14	36	1.413	17,9	
125	-62,27 MLWS	63,75	15	36	1.428	16,7	
126	-62,52 MLWS	64,00	15	36	1.443	16,7	
127	-62,77 MLWS	64,25	14	36	1.457	17,9	
128	-63,02 MLWS	64,50	17	36	1.474	14,7	
129	-63,27 MLWS	64,75	17	36	1.491	14,7	
130	-63,52 MLWS	65,00	17	36	1.508	14,7	
131	-63,77 MLWS	65,25	20	230	1.528	12,5	
132	-64,02 MLWS	65,50	21	230	1.549	11,9	
133	-64,27 MLWS	65,75	21	230	1.570	11,9	
134	-64,52 MLWS	66,00	21	230	1.591	11,9	
135	-64,77 MLWS	66,25	21	230	1.612	11,9	
136	-65,02 MLWS	66,50	21	230	1.633	11,9	
137	-65,27 MLWS	66,75	21	230	1.654	11,9	
138	-65,52 MLWS	67,00	24	230	1.678	10,4	
139	-65,77 MLWS	67,25	24	230	1.702	10,4	
140	-66,02 MLWS	67,50	22	230	1.724	11,4	
141	-66,27 MLWS	67,75	22	230	1.746	11,4	
142	-66,52 MLWS	68,00	22	230	1.768	11,4	
143	-66,77 MLWS	68,25	23	230	1.791	10,9	
144	-67,02 MLWS	68,50	23	230	1.814	10,9	
145	-67,27 MLWS	68,75	23	230	1.837	10,9	
146	-67,52 MLWS	69,00	24	230	1.861	10,4	
147	-67,77 MLWS	69,25	24	230	1.885	10,4	
148	-68,02 MLWS	69,50	24	230	1.909	10,4	
149	-68,27 MLWS	69,75	23	230	1.932	10,9	
150	-68,52 MLWS	70,00	24	230	1.956	10,4	
151	-68,77 MLWS	70,25	24	230	1.980	10,4	
152	-69,02 MLWS	70,50	23	230	2.003	10,9	
153	-69,27 MLWS	70,75	23	230	2.026	10,9	
154	-69,52 MLWS	71,00	22	230	2.048	11,4	
155	-69,77 MLWS	71,25	23	230	2.071	10,9	
156	-70,02 MLWS	71,50	24	230	2.095	10,4	
157	-70,27 MLWS	71,75	24	230	2.119	10,4	
158	-70,52 MLWS	72,00	24	230	2.143	10,4	
159	-70,77 MLWS	72,25	24	230	2.167	10,4	
160	-71,02 MLWS	72,50	24	250	2.191	10,4	
161	-71,27 MLWS	72,75	25	250	2.216	10,0	
162	-71,52 MLWS	73,00	25	250	2.241	10,0	
163	-71,77 MLWS	73,25	25	250	2.266	10,0	
164	-72,02 MLWS	73,50	25	250	2.291	10,0	
165	-72,27 MLWS	73,75	26	250	2.317	9,6	
166	-72,52 MLWS	74,00	26	250	2.343	9,6	
167	-72,77 MLWS	74,25	26	250	2.369	9,6	
168	-73,02 MLWS	74,50	26	250	2.395	9,6	
169	-73,27 MLWS	74,75	25	250	2.420	10,0	
170	-73,52 MLWS	75,00	26	250	2.446	9,6	
171	-73,77 MLWS	75,25	26	250	2.472	9,6	
172	-74,02 MLWS	75,50	27	250	2.499	9,3	
173	-74,27 MLWS	75,75	27	250	2.526	9,3	
174	-74,52 MLWS	76,00	18	250	2.544	13,9	
175	-74,77 MLWS	76,25	18	250	2.562	13,9	
176	-75,02 MLWS	76,50	19	280	2.581	13,2	
