N°	Toe Level	Graduation	Blow_Count	Energy(kJ)	Cumulative_blow_Count	Penetration_per_blow(mm/blow)	comments
1	-33,29 MLWS	34,75					
2	-33,54 MLWS	35,00	6	72	6	42	
3	-33,79 MLWS	35,25	6	72	12	42	
4	-34,04 MLWS	35,50	2	72	14	125	
5	-34,29 MLWS	35,75	4	72	18	63	
6	-34,54 MLWS	36,00	4	72	22	63	
7	-34,79 MLWS	36,25	3	72	25	83	
8	-35,04 MLWS	36,50	2	72	27	125	
9	-35,29 MLWS	36,75	4	72	31	63	
10	-35,54 MLWS	37,00	4	72	35	63	
11	-35,79 MLWS	37,25	1	72	36	250	
12	-36,04 MLWS	37,50	1	72	37	250	
13	-36,29 MLWS	37,75	1	72	38	250	
14	-36,54 MLWS	38,00	1	72	39	250	
15	-36,79 MLWS	38,25	2	72	41	125	
16	-37,04 MLWS	38,50	2	72	43	125	
17	-37,29 MLWS	38,75	2	72	45	125	
18	-37,54 MLWS	39,00	2	72	47	125	
19	-37,79 MLWS	39,25	2	72	49	125	
20	-38,04 MLWS	39,50	2	72	51	125	
21	-38,29 MLWS	39,75	2	72	53	125	
22	-38,54 MLWS	40,00	2	72	55	125	
23	-38,79 MLWS	40,25	3	72	58	83	
24	-39,04 MLWS	40,50	3	72	61	83	
25	-39,29 MLWS	40,75	3	72	64	83	
26	-39,54 MLWS	41,00	3	72	67	83	
27	-39,79 MLWS	41,25	3	72	70	83	
28	-40,04 MLWS	41,50	3	72	73	83	
29	-40,29 MLWS	41,75	2	72	75	125	
30	-40,54 MLWS	42,00	2	72	77	125	
31	-40,79 MLWS	42,25	2	72	79	125	
32	-41,04 MLWS	42,50	2	72	81	125	
33	-41,29 MLWS	42,75	2	72	83	125	
34	-41,54 MLWS	43,00	2	72	85	125	
35	-41,79 MLWS	43,25	2	72	87	125	
36	-42,04 MLWS	43,50	2	72	89	125	
37	-42,29 MLWS	43,75	3	72	92	83	
38	-42,54 MLWS	44,00	3	72	95	83	
39	-42,79 MLWS	44,25	3	72	98	83	
40	-43,04 MLWS	44,50	3	72	101	83	
41	-43,29 MLWS	44,75	3	72	104	83	
42	-43,54 MLWS	45,00	3	72	107	83	
43	-43,79 MLWS	45,25	3	72	110	83	
44	-44,04 MLWS	45,50	3	72	113	83	
45	-44,29 MLWS	45,75	3	72	116	83	
46	-44,54 MLWS	46,00	3	72	119	83	
47	-44,79 MLWS	46,25	5	72	124	50	
48	-45,04 MLWS	46,50	6	72	130	42	
49	-45,29 MLWS	46,75	6	72	136	42	
50	-45,54 MLWS	47,00	6	72	142	42	
51	-45,79 MLWS	47,25	6	72	148	41,7	
52	-46,04 MLWS	47,50	6	72	154	41,7	
53	-46,29 MLWS	47,75	6	72	160	41,7	
54	-46,54 MLWS	48,00	6	72	166	41,7	
55	-46,79 MLWS	48,25	6	72	172	41,7	
56	-47,04 MLWS	48,50	6	72	178	41,7	
57	-47,29 MLWS	48,75	6	72	184	41,7	
58	-47,54 MLWS	49,00	6	72	190	41,7	
59	-47,79 MLWS	49,25	6	72	196	41,7	
60	-48,04 MLWS	49,50	6	72	202	41,7	
61	-48,29 MLWS	49,75	6	72	208	41,7	
62	-48,54 MLWS	50,00	5	72	213	50,0	
63	-48,79 MLWS	50,25	7	72	220	35,7	
64	-49,04 MLWS	50,50	7	72	227	35,7	
65	-49,29 MLWS	50,75	7	72	234	35,7	
66	-49,54 MLWS	51,00	7	72	241	35,7	
67	-49,79 MLWS	51,25	7	72	248	35,7	
68	-50,04 MLWS	51,50	7	72	255	35,7	
69	-50,29 MLWS	51,75	7	72	262	35,7	
70	-50,54 MLWS	52,00	7	72	269	35,7	
71	-50,79 MLWS	52,25	6	72	275	41,7	
72	-51,04 MLWS	52,50	9	72	284	27,8	
73	-51,29 MLWS	52,75	11	72	295	22,7	
74	-51,54 MLWS	53,00	12	72	307	20,8	
75	-51,79 MLWS	53,25	12	72	319	20,8	
76	-52,04 MLWS	53,50	12	72	331	20,8	
77	-52,29 MLWS	53,75	17	72	348	14,7	
78	-52,54 MLWS	54,00	25	72	373	10,0	
79	-52,79 MLWS	54,25	24	72	397	10,4	
80	-53,04 MLWS	54,50	25	72	422	10,0	
81	-53,29 MLWS	54,75	24	72	446	10,4	
82	-53,54 MLWS	55,00	25	72	471	10,0	
83	-53,79 MLWS	55,25	23	72	494	10,9	
84	-54,04 MLWS	55,50	24	72	518	10,4	
85	-54,29 MLWS	55,75	24	72	542	10,4	
86	-54,54 MLWS	56,00	25	72	567	10,0	
87	-54,79 MLWS	56,25	25	72	592	10,0	
88	-55,04 MLWS	56,50	25	72	617	10,0	
89	-55,29 MLWS	56,75	26	72	643	9,6	
90	-55,54 MLWS	57,00	27	72	670	9,3	
91	-55,79 MLWS	57,25	25	72	695	10,0	
92	-56,04 MLWS	57,50	24	72	719	10,4	
93	-56,29 MLWS	57,75	26	72	745	9,6	
94	-56,54 MLWS	58,00	27	72	772	9,3	
95	-56,79 MLWS	58,25	26	72	798	9,6	
96	-57,04 MLWS	58,50	26	72	824	9,6	
97	-57,29 MLWS	58,75	27	72	851	9,3	
98	-57,54 MLWS	59,00	25	72	876	10,0	
99	-57,79 MLWS	59,25	25	72	901	10,0	
100	-58,04 MLWS	59,50	25	72	926	10,0	
101	-58,29 MLWS	59,75	27	72	953	9,3	
102	-58,54 MLWS	60,00	28	72	981	8,9	
103	-58,79 MLWS	60,25	29	72	1.010	8,6	
104	-59,04 MLWS	60,50	28	72	1.038	8,9	
105	-59,29 MLWS	60,75	30	72	1.068	8,3	
106	-59,54 MLWS	61,00	33	72	1.101	7,6	
107	-59,79 MLWS	61,25	34	72	1.135	7,4	
108	-60,04 MLWS	61,50	32	72	1.167	7,8	
109	-60,29 MLWS	61,75	25	72	1.192	10,0	
110	-60,54 MLWS	62,00	22	230	1.214	11,4	
111	-60,79 MLWS	62,25	22	230	1.236	11,4	
112	-61,04 MLWS	62,50	22	230	1.258	11,4	
113	-61,29 MLWS	62,75	21	230	1.279	11,9	
114	-61,54 MLWS	63,00	23	230	1.302	10,9	
115	-61,79 MLWS	63,25	22	230	1.324	11,4	
116	-62,04 MLWS	63,50	22	230	1.346	11,4	
117	-62,29 MLWS	63,75	22	230	1.368	11,4	
118	-62,54 MLWS	64,00	21	230	1.389	11,9	
119	-62,79 MLWS	64,25	21	230	1.410	11,9	
120	-63,04 MLWS	64,50	21	230	1.431	11,9	
121	-63,29 MLWS	64,75	22	230	1.453	11,4	
122	-63,54 MLWS	65,00	19	230	1.472	13,2	
123	-63,79 MLWS	65,25	22	230	1.494	11,4	
124	-64,04 MLWS	65,50	23	230	1.517	10,9	
125	-64,29 MLWS	65,75	22	230	1.539	11,4	
126	-64,54 MLWS	66,00	22	230	1.561	11,4	
127	-64,79 MLWS	66,25	22	230	1.583	11,4	
128	-65,04 MLWS	66,50	22	230	1.605	11,4	
129	-65,29 MLWS	66,75	22	230	1.627	11,4	
130	-65,54 MLWS	67,00	22	230	1.649	11,4	
131	-65,79 MLWS	67,25	21	230	1.670	11,9	
132	-66,04 MLWS	67,50	20	230	1.690	12,5	
133	-66,29 MLWS	67,75	20	230	1.710	12,5	
134	-66,54 MLWS	68,00	20	230	1.730	12,5	
135	-66,79 MLWS	68,25	20	230	1.750	12,5	
