N°	Toe Level	Graduation	Blow_Count	Energy(kJ)	Cumulative_blow_Count	Penetration_per_blow(mm/blow)	comments
1	-34,66 MLWS	36,00					
2	-34,91 MLWS	36,25	7	36	7	36	
3	-35,16 MLWS	36,50	7	36	14	36	
4	-35,41 MLWS	36,75	7	36	21	36	
5	-35,66 MLWS	37,00	7	36	28	36	
6	-35,91 MLWS	37,25	7	36	35	36	
7	-36,16 MLWS	37,50	5	36	40	50	
8	-36,41 MLWS	37,75	5	36	45	50	
9	-36,66 MLWS	38,00	5	36	50	50	
10	-36,91 MLWS	38,25	5	36	55	50	
11	-37,16 MLWS	38,50	5	36	60	50	
12	-37,41 MLWS	38,75	5	36	65	50	
13	-37,66 MLWS	39,00	5	36	70	50	
14	-37,91 MLWS	39,25	5	36	75	50	
15	-38,16 MLWS	39,50	5	36	80	50	
16	-38,41 MLWS	39,75	5	36	85	50	
17	-38,66 MLWS	40,00	5	36	90	50	
18	-38,91 MLWS	40,25	4	36	94	63	
19	-39,16 MLWS	40,50	4	36	98	63	
20	-39,41 MLWS	40,75	6	36	104	42	
21	-39,66 MLWS	41,00	6	36	110	42	
22	-39,91 MLWS	41,25	7	36	117	36	
23	-40,16 MLWS	41,50	7	36	124	36	
24	-40,41 MLWS	41,75	6	36	130	42	
25	-40,66 MLWS	42,00	7	36	137	36	
26	-40,91 MLWS	42,25	6	36	143	42	
27	-41,16 MLWS	42,50	7	36	150	36	
28	-41,41 MLWS	42,75	8	36	158	31	
29	-41,66 MLWS	43,00	7	36	165	36	
30	-41,91 MLWS	43,25	7	36	172	36	
31	-42,16 MLWS	43,50	7	36	179	36	
32	-42,41 MLWS	43,75	7	36	186	36	
33	-42,66 MLWS	44,00	6	36	192	42	
34	-42,91 MLWS	44,25	9	36	201	28	
35	-43,16 MLWS	44,50	9	36	210	28	
36	-43,41 MLWS	44,75	9	36	219	28	
37	-43,66 MLWS	45,00	9	36	228	28	
38	-43,91 MLWS	45,25	9	36	237	28	
39	-44,16 MLWS	45,50	11	36	248	23	
40	-44,41 MLWS	45,75	11	36	259	23	
41	-44,66 MLWS	46,00	8	36	267	31	
42	-44,91 MLWS	46,25	10	36	277	25	
43	-45,16 MLWS	46,50	12	36	289	21	
44	-45,41 MLWS	46,75	12	36	301	21	
45	-45,66 MLWS	47,00	12	36	313	21	
46	-45,91 MLWS	47,25	13	36	326	19	
47	-46,16 MLWS	47,50	13	36	339	19	
48	-46,41 MLWS	47,75	16	36	355	16	
49	-46,66 MLWS	48,00	17	36	372	15	
50	-46,91 MLWS	48,25	16	36	388	16	
51	-47,16 MLWS	48,50	16	36	404	15,6	
52	-47,41 MLWS	48,75	16	36	420	15,6	
53	-47,66 MLWS	49,00	18	36	438	13,9	
54	-47,91 MLWS	49,25	17	36	455	14,7	
55	-48,16 MLWS	49,50	18	36	473	13,9	
56	-48,41 MLWS	49,75	19	36	492	13,2	
57	-48,66 MLWS	50,00	19	36	511	13,2	
58	-48,91 MLWS	50,25	19	36	530	13,2	
59	-49,16 MLWS	50,50	19	36	549	13,2	
60	-49,41 MLWS	50,75	19	36	568	13,2	
61	-49,66 MLWS	51,00	19	36	587	13,2	
62	-49,91 MLWS	51,25	25	36	612	10,0	
63	-50,16 MLWS	51,50	23	36	635	10,9	
64	-50,41 MLWS	51,75	23	36	658	10,9	
65	-50,66 MLWS	52,00	23	36	681	10,9	
66	-50,91 MLWS	52,25	23	36	704	10,9	
67	-51,16 MLWS	52,50	28	36	732	8,9	
68	-51,41 MLWS	52,75	27	36	759	9,3	
69	-51,66 MLWS	53,00	28	36	787	8,9	
70	-51,91 MLWS	53,25	22	36	809	11,4	
71	-52,16 MLWS	53,50	25	36	834	10,0	
72	-52,41 MLWS	53,75	22	50	856	11,4	
73	-52,66 MLWS	54,00	23	50	879	10,9	
74	-52,91 MLWS	54,25	20	50	899	12,5	
75	-53,16 MLWS	54,50	25	50	924	10,0	
76	-53,41 MLWS	54,75	21	50	945	11,9	
77	-53,66 MLWS	55,00	21	50	966	11,9	
78	-53,91 MLWS	55,25	21	55	987	11,9	
79	-54,16 MLWS	55,50	22	55	1.009	11,4	
80	-54,41 MLWS	55,75	21	55	1.030	11,9	
81	-54,66 MLWS	56,00	24	55	1.054	10,4	
82	-54,91 MLWS	56,25	22	55	1.076	11,4	
83	-55,16 MLWS	56,50	24	55	1.100	10,4	
84	-55,41 MLWS	56,75	23	55	1.123	10,9	
85	-55,66 MLWS	57,00	24	55	1.147	10,4	
86	-55,91 MLWS	57,25	25	72	1.172	10,0	
87	-56,16 MLWS	57,50	26	72	1.198	9,6	
88	-56,41 MLWS	57,75	24	72	1.222	10,4	
89	-56,66 MLWS	58,00	25	80	1.247	10,0	
90	-56,91 MLWS	58,25	25	80	1.272	10,0	
91	-57,16 MLWS	58,50	26	80	1.298	9,6	
92	-57,41 MLWS	58,75	26	80	1.324	9,6	
93	-57,66 MLWS	59,00	26	80	1.350	9,6	
94	-57,91 MLWS	59,25	27	80	1.377	9,3	
95	-58,16 MLWS	59,50	27	90	1.404	9,3	
96	-58,41 MLWS	59,75	25	95	1.429	10,0	
97	-58,66 MLWS	60,00	25	100	1.454	10,0	
98	-58,91 MLWS	60,25	25	100	1.479	10,0	
99	-59,16 MLWS	60,50	26	100	1.505	9,6	
100	-59,41 MLWS	60,75	22	105	1.527	11,4	
101	-59,66 MLWS	61,00	23	105	1.550	10,9	
102	-59,91 MLWS	61,25	25	105	1.575	10,0	
103	-60,16 MLWS	61,50	28	105	1.603	8,9	
104	-60,41 MLWS	61,75	28	120	1.631	8,9	
105	-60,66 MLWS	62,00	26	120	1.657	9,6	
106	-60,91 MLWS	62,25	26	120	1.683	9,6	
107	-61,16 MLWS	62,50	27	130	1.710	9,3	
108	-61,41 MLWS	62,75	27	130	1.737	9,3	
109	-61,66 MLWS	63,00	27	140	1.764	9,3	
110	-61,91 MLWS	63,25	28	140	1.792	8,9	
111	-62,16 MLWS	63,50	28	150	1.820	8,9	
112	-62,41 MLWS	63,75	28	150	1.848	8,9	
113	-62,66 MLWS	64,00	25	150	1.873	10,0	
114	-62,91 MLWS	64,25	26	150	1.899	9,6	
115	-63,16 MLWS	64,50	26	160	1.925	9,6	
116	-63,41 MLWS	64,75	26	160	1.951	9,6	
117	-63,66 MLWS	65,00	26	160	1.977	9,6	
118	-63,91 MLWS	65,25	27	170	2.004	9,3	
119	-64,16 MLWS	65,50	27	170	2.031	9,3	
120	-64,41 MLWS	65,75	26	170	2.057	9,6	
121	-64,66 MLWS	66,00	26	180	2.083	9,6	
122	-64,91 MLWS	66,25	26	180	2.109	9,6	
123	-65,16 MLWS	66,50	26	180	2.135	9,6	
124	-65,41 MLWS	66,75	28	180	2.163	8,9	
125	-65,66 MLWS	67,00	28	180	2.191	8,9	
126	-65,91 MLWS	67,25	29	190	2.220	8,6	
127	-66,16 MLWS	67,50	29	190	2.249	8,6	
128	-66,41 MLWS	67,75	29	190	2.278	8,6	
129	-66,66 MLWS	68,00	29	190	2.307	8,6	
130	-66,91 MLWS	68,25	27	190	2.334	9,3	
131	-67,16 MLWS	68,50	27	200	2.361	9,3	
132	-67,41 MLWS	68,75	29	200	2.390	8,6	
133	-67,66 MLWS	69,00	29	210	2.419	8,6	
134	-67,91 MLWS	69,25	30	210	2.449	8,3	
135	-68,16 MLWS	69,50	30	210	2.479	8,3	
136	-68,41 MLWS	69,75	29	220	2.508	8,6	
137	-68,66 MLWS	70,00	29	220	2.537	8,6	
138	-68,91 MLWS	70,25	27	220	2.564	9,3	
139	-69,16 MLWS	70,50	29	220	2.593	8,6	
140	-69,41 MLWS	70,75	30	220	2.623	8,3	
141	-69,66 MLWS	71,00	30	230	2.653	8,3	
142	-69,91 MLWS	71,25	31	230	2.684	8,1	
143	-70,16 MLWS	71,50	29	230	2.713	8,6	
144	-70,41 MLWS	71,75	31	230	2.744	8,1	
145	-70,66 MLWS	72,00	34	230	2.778	7,4	
146	-70,91 MLWS	72,25	32	230	2.810	7,8	
147	-71,16 MLWS	72,50	33	230	2.843	7,6	
148	-71,41 MLWS	72,75	34	230	2.877	7,4	
149	-71,66 MLWS	73,00	34	230	2.911	7,4	
150	-71,91 MLWS	73,25	34	230	2.945	7,4	
151	-72,16 MLWS	73,50	35	230	2.980	7,1	
152	-72,41 MLWS	73,75	35	230	3.015	7,1	
153	-72,66 MLWS	74,00	35	230	3.050	7,1	
154	-72,91 MLWS	74,25	35	230	3.085	7,1	
155	-73,16 MLWS	74,50	40	230	3.125	6,3	
156	-73,41 MLWS	74,75	40	230	3.165	6,3	
157	-73,66 MLWS	75,00	45	230	3.210	5,6	
158	-73,91 MLWS	75,25	38	230	3.248	6,6	
159	-74,16 MLWS	75,50	38	230	3.286	6,6	
160	-74,41 MLWS	75,75	38	230	3.324	6,6	
161	-74,66 MLWS	76,00	38	230	3.362	6,6	
162	-74,91 MLWS	76,25	35	230	3.397	7,1	
163	-75,16 MLWS	76,50	35	230	3.432	7,1	
164	-75,41 MLWS	76,75	27	230	3.459	9,3	
