N°	Toe Level	Graduation	Blow_Count	Energy(kJ)	Cumulative_blow_Count	Penetration_per_blow(mm/blow)	comments
1	-38,04 MLWS	39,25					
2	-38,29 MLWS	39,50	5	36	5	50	
3	-38,54 MLWS	39,75	5	36	10	50	
4	-38,79 MLWS	40,00	5	36	15	50	
5	-39,04 MLWS	40,25	6	36	21	42	
6	-39,29 MLWS	40,50	6	36	27	42	
7	-39,54 MLWS	40,75	6	36	33	42	
8	-39,79 MLWS	41,00	6	36	39	42	
9	-40,04 MLWS	41,25	8	36	47	31	
10	-40,29 MLWS	41,50	7	36	54	36	
11	-40,54 MLWS	41,75	7	36	61	36	
12	-40,79 MLWS	42,00	6	36	67	42	
13	-41,04 MLWS	42,25	6	36	73	42	
14	-41,29 MLWS	42,50	6	36	79	42	
15	-41,54 MLWS	42,75	8	36	87	31	
16	-41,79 MLWS	43,00	8	36	95	31	
17	-42,04 MLWS	43,25	7	36	102	36	
18	-42,29 MLWS	43,50	8	36	110	31	
19	-42,54 MLWS	43,75	8	36	118	31	
20	-42,79 MLWS	44,00	8	36	126	31	
21	-43,04 MLWS	44,25	8	36	134	31	
22	-43,29 MLWS	44,50	8	36	142	31	
23	-43,54 MLWS	44,75	9	36	151	28	
24	-43,79 MLWS	45,00	9	36	160	28	
25	-44,04 MLWS	45,25	12	36	172	21	
26	-44,29 MLWS	45,50	12	36	184	21	
27	-44,54 MLWS	45,75	12	36	196	21	
28	-44,79 MLWS	46,00	11	36	207	23	
29	-45,04 MLWS	46,25	14	36	221	18	
30	-45,29 MLWS	46,50	14	36	235	18	
31	-45,54 MLWS	46,75	15	36	250	17	
32	-45,79 MLWS	47,00	15	36	265	17	
33	-46,04 MLWS	47,25	17	36	282	15	
34	-46,29 MLWS	47,50	17	36	299	15	
35	-46,54 MLWS	47,75	19	36	318	13	
36	-46,79 MLWS	48,00	20	36	338	13	
37	-47,04 MLWS	48,25	20	36	358	13	
38	-47,29 MLWS	48,50	20	36	378	13	
39	-47,54 MLWS	48,75	23	36	401	11	
40	-47,79 MLWS	49,00	21	36	422	12	
41	-48,04 MLWS	49,25	22	36	444	11	
42	-48,29 MLWS	49,50	24	36	468	10	
43	-48,54 MLWS	49,75	24	36	492	10	
44	-48,79 MLWS	50,00	24	36	516	10	
45	-49,04 MLWS	50,25	24	36	540	10	
46	-49,29 MLWS	50,50	24	36	564	10	
47	-49,54 MLWS	50,75	24	36	588	10	
48	-49,79 MLWS	51,00	24	36	612	10	
49	-50,04 MLWS	51,25	25	36	637	10	
50	-50,29 MLWS	51,50	27	36	664	9	
51	-50,54 MLWS	51,75	26	36	690	9,6	
52	-50,79 MLWS	52,00	26	36	716	9,6	
53	-51,04 MLWS	52,25	27	36	743	9,3	
54	-51,29 MLWS	52,50	26	36	769	9,6	
55	-51,54 MLWS	52,75	25	40	794	10,0	
56	-51,79 MLWS	53,00	25	45	819	10,0	
57	-52,04 MLWS	53,25	27	45	846	9,3	
58	-52,29 MLWS	53,50	27	455	873	9,3	
59	-52,54 MLWS	53,75	27	48	900	9,3	
60	-52,79 MLWS	54,00	27	48	927	9,3	
61	-53,04 MLWS	54,25	27	48	954	9,3	
62	-53,29 MLWS	54,50	27	48	981	9,3	
63	-53,54 MLWS	54,75	27	48	1.008	9,3	
64	-53,79 MLWS	55,00	26	50	1.034	9,6	
65	-54,04 MLWS	55,25	26	50	1.060	9,6	
66	-54,29 MLWS	55,50	28	50	1.088	8,9	
67	-54,54 MLWS	55,75	28	55	1.116	8,9	
68	-54,79 MLWS	56,00	28	55	1.144	8,9	
69	-55,04 MLWS	56,25	26	55	1.170	9,6	
70	-55,29 MLWS	56,50	26	55	1.196	9,6	
71	-55,54 MLWS	56,75	30	55	1.226	8,3	
72	-55,79 MLWS	57,00	29	54	1.255	8,6	
73	-56,04 MLWS	57,25	29	55	1.284	8,6	
74	-56,29 MLWS	57,50	33	62	1.317	7,6	
75	-56,54 MLWS	57,75	33	69	1.350	7,6	
76	-56,79 MLWS	58,00	34	72	1.384	7,4	
77	-57,04 MLWS	58,25	30	110	1.414	8,3	
78	-57,29 MLWS	58,50	30	120	1.444	8,3	
79	-57,54 MLWS	58,75	30	130	1.474	8,3	
80	-57,79 MLWS	59,00	32	130	1.506	7,8	
81	-58,04 MLWS	59,25	31	140	1.537	8,1	
82	-58,29 MLWS	59,50	29	150	1.566	8,6	
83	-58,54 MLWS	59,75	29	150	1.595	8,6	
84	-58,79 MLWS	60,00	29	150	1.624	8,6	
85	-59,04 MLWS	60,25	25	150	1.649	10,0	
86	-59,29 MLWS	60,50	25	150	1.674	10,0	
87	-59,54 MLWS	60,75	25	150	1.699	10,0	
88	-59,79 MLWS	61,00	24	150	1.723	10,4	
89	-60,04 MLWS	61,25	22	150	1.745	11,4	
90	-60,29 MLWS	61,50	22	150	1.767	11,4	
91	-60,54 MLWS	61,75	22	125	1.789	11,4	
92	-60,79 MLWS	62,00	21	125	1.810	11,9	
93	-61,04 MLWS	62,25	21	125	1.831	11,9	
94	-61,29 MLWS	62,50	21	125	1.852	11,9	
95	-61,54 MLWS	62,75	21	125	1.873	11,9	
96	-61,79 MLWS	63,00	24	125	1.897	10,4	
97	-62,04 MLWS	63,25	24	125	1.921	10,4	
98	-62,29 MLWS	63,50	24	125	1.945	10,4	
99	-62,54 MLWS	63,75	24	125	1.969	10,4	
100	-62,79 MLWS	64,00	24	125	1.993	10,4	
101	-63,04 MLWS	64,25	25	125	2.018	10,0	
102	-63,29 MLWS	64,50	25	125	2.043	10,0	
103	-63,54 MLWS	64,75	25	125	2.068	10,0	
104	-63,79 MLWS	65,00	25	125	2.093	10,0	
105	-64,04 MLWS	65,25	25	130	2.118	10,0	
106	-64,29 MLWS	65,50	25	130	2.143	10,0	
107	-64,54 MLWS	65,75	24	130	2.167	10,4	
108	-64,79 MLWS	66,00	24	130	2.191	10,4	
109	-65,04 MLWS	66,25	26	130	2.217	9,6	
110	-65,29 MLWS	66,50	26	130	2.243	9,6	
111	-65,54 MLWS	66,75	26	130	2.269	9,6	
112	-65,79 MLWS	67,00	31	130	2.300	8,1	
113	-66,04 MLWS	67,25	30	140	2.330	8,3	
114	-66,29 MLWS	67,50	30	140	2.360	8,3	
115	-66,54 MLWS	67,75	30	140	2.390	8,3	
116	-66,79 MLWS	68,00	34	150	2.424	7,4	
117	-67,04 MLWS	68,25	30	160	2.454	8,3	
118	-67,29 MLWS	68,50	30	160	2.484	8,3	
119	-67,54 MLWS	68,75	30	160	2.514	8,3	
120	-67,79 MLWS	69,00	28	160	2.542	8,9	
121	-68,04 MLWS	69,25	29	170	2.571	8,6	
122	-68,29 MLWS	69,50	29	180	2.600	8,6	
123	-68,54 MLWS	69,75	29	180	2.629	8,6	
124	-68,79 MLWS	70,00	27	190	2.656	9,3	
125	-69,04 MLWS	70,25	26	190	2.682	9,6	
126	-69,29 MLWS	70,50	26	190	2.708	9,6	
127	-69,54 MLWS	70,75	28	190	2.736	8,9	
128	-69,79 MLWS	71,00	28	200	2.764	8,9	
129	-70,04 MLWS	71,25	25	200	2.789	10,0	
130	-70,29 MLWS	71,50	25	210	2.814	10,0	
131	-70,54 MLWS	71,75	27	210	2.841	9,3	
132	-70,79 MLWS	72,00	27	210	2.868	9,3	
133	-71,04 MLWS	72,25	27	220	2.895	9,3	
134	-71,29 MLWS	72,50	29	220	2.924	8,6	
135	-71,54 MLWS	72,75	29	220	2.953	8,6	
136	-71,79 MLWS	73,00	29	220	2.982	8,6	
137	-72,04 MLWS	73,25	27	220	3.009	9,3	
138	-72,29 MLWS	73,50	27	220	3.036	9,3	
139	-72,54 MLWS	73,75	18	220	3.054	13,9	
