N°	Toe Level	Graduation	Blow_Count	Energy(kJ)	Cumulative_blow_Count	Penetration_per_blow(mm/blow)	comments
1	-34,70 MLWS	36,00					
2	-34,95 MLWS	36,25	8	36	8	31	
3	-35,20 MLWS	36,50	7	36	15	36	
4	-35,45 MLWS	36,75	7	36	22	36	
5	-35,70 MLWS	37,00	6	36	28	42	
6	-35,95 MLWS	37,25	6	36	34	42	
7	-36,20 MLWS	37,50	5	36	39	50	
8	-36,45 MLWS	37,75	5	36	44	50	
9	-36,70 MLWS	38,00	5	36	49	50	
10	-36,95 MLWS	38,25	5	36	54	50	
11	-37,20 MLWS	38,50	5	36	59	50	
12	-37,45 MLWS	38,75	5	36	64	50	
13	-37,70 MLWS	39,00	5	36	69	50	
14	-37,95 MLWS	39,25	6	36	75	42	
15	-38,20 MLWS	39,50	6	36	81	42	
16	-38,45 MLWS	39,75	6	36	87	42	
17	-38,70 MLWS	40,00	6	36	93	42	
18	-38,95 MLWS	40,25	6	36	99	42	
19	-39,20 MLWS	40,50	6	36	105	42	
20	-39,45 MLWS	40,75	6	36	111	42	
21	-39,70 MLWS	41,00	6	36	117	42	
22	-39,95 MLWS	41,25	6	36	123	42	
23	-40,20 MLWS	41,50	7	36	130	36	
24	-40,45 MLWS	41,75	8	36	138	31	
25	-40,70 MLWS	42,00	8	36	146	31	
26	-40,95 MLWS	42,25	7	36	153	36	
27	-41,20 MLWS	42,50	8	36	161	31	
28	-41,45 MLWS	42,75	8	36	169	31	
29	-41,70 MLWS	43,00	8	36	177	31	
30	-41,95 MLWS	43,25	8	36	185	31	
31	-42,20 MLWS	43,50	8	36	193	31	
32	-42,45 MLWS	43,75	8	36	201	31	
33	-42,70 MLWS	44,00	11	36	212	23	
34	-42,95 MLWS	44,25	11	36	223	23	
35	-43,20 MLWS	44,50	11	36	234	23	
36	-43,45 MLWS	44,75	10	36	244	25	
37	-43,70 MLWS	45,00	11	36	255	23	
38	-43,95 MLWS	45,25	11	36	266	23	
39	-44,20 MLWS	45,50	11	36	277	23	
40	-44,45 MLWS	45,75	12	36	289	21	
41	-44,70 MLWS	46,00	13	36	302	19	
42	-44,95 MLWS	46,25	14	36	316	18	
43	-45,20 MLWS	46,50	14	36	330	18	
44	-45,45 MLWS	46,75	14	36	344	18	
45	-45,70 MLWS	47,00	15	36	359	17	
46	-45,95 MLWS	47,25	16	36	375	16	
47	-46,20 MLWS	47,50	16	36	391	16	
48	-46,45 MLWS	47,75	16	36	407	16	
49	-46,70 MLWS	48,00	17	36	424	15	
50	-46,95 MLWS	48,25	17	36	441	15	
51	-47,20 MLWS	48,50	17	36	458	14,7	
52	-47,45 MLWS	48,75	17	36	475	14,7	
53	-47,70 MLWS	49,00	17	36	492	14,7	
54	-47,95 MLWS	49,25	17	36	509	14,7	
55	-48,20 MLWS	49,50	20	36	529	12,5	
56	-48,45 MLWS	49,75	25	36	554	10,0	
57	-48,70 MLWS	50,00	25	36	579	10,0	
58	-48,95 MLWS	50,25	22	36	601	11,4	
59	-49,20 MLWS	50,50	22	36	623	11,4	
60	-49,45 MLWS	50,75	22	36	645	11,4	
61	-49,70 MLWS	51,00	22	36	667	11,4	
62	-49,95 MLWS	51,25	22	36	689	11,4	
63	-50,20 MLWS	51,50	22	40	711	11,4	
64	-50,45 MLWS	51,75	22	40	733	11,4	
65	-50,70 MLWS	52,00	24	40	757	10,4	
66	-50,95 MLWS	52,25	24	45	781	10,4	
67	-51,20 MLWS	52,50	25	45	806	10,0	
68	-51,45 MLWS	52,75	25	50	831	10,0	
69	-51,70 MLWS	53,00	23	60	854	10,9	
70	-51,95 MLWS	53,25	22	60	876	11,4	
71	-52,20 MLWS	53,50	22	60	898	11,4	
72	-52,45 MLWS	53,75	20	60	918	12,5	
73	-52,70 MLWS	54,00	20	65	938	12,5	
74	-52,95 MLWS	54,25	20	65	958	12,5	
75	-53,20 MLWS	54,50	23	72	981	10,9	
76	-53,45 MLWS	54,75	20	72	1.001	12,5	
77	-53,70 MLWS	55,00	20	72	1.021	12,5	
78	-53,95 MLWS	55,25	21	72	1.042	11,9	
79	-54,20 MLWS	55,50	21	72	1.063	11,9	
80	-54,45 MLWS	55,75	21	72	1.084	11,9	
81	-54,70 MLWS	56,00	21	72	1.105	11,9	
82	-54,95 MLWS	56,25	23	72	1.128	10,9	
83	-55,20 MLWS	56,50	22	72	1.150	11,4	
84	-55,45 MLWS	56,75	23	72	1.173	10,9	
85	-55,70 MLWS	57,00	24	72	1.197	10,4	
86	-55,95 MLWS	57,25	24	72	1.221	10,4	
87	-56,20 MLWS	57,50	24	80	1.245	10,4	
88	-56,45 MLWS	57,75	24	80	1.269	10,4	
89	-56,70 MLWS	58,00	24	80	1.293	10,4	
90	-56,95 MLWS	58,25	26	80	1.319	9,6	
91	-57,20 MLWS	58,50	27	80	1.346	9,3	
92	-57,45 MLWS	58,75	27	90	1.373	9,3	
93	-57,70 MLWS	59,00	27	95	1.400	9,3	
94	-57,95 MLWS	59,25	25	95	1.425	10,0	
95	-58,20 MLWS	59,50	25	95	1.450	10,0	
96	-58,45 MLWS	59,75	25	105	1.475	10,0	
97	-58,70 MLWS	60,00	25	105	1.500	10,0	
98	-58,95 MLWS	60,25	26	105	1.526	9,6	
99	-59,20 MLWS	60,50	26	110	1.552	9,6	
100	-59,45 MLWS	60,75	26	110	1.578	9,6	
101	-59,70 MLWS	61,00	27	110	1.605	9,3	
102	-59,95 MLWS	61,25	26	110	1.631	9,6	
103	-60,20 MLWS	61,50	26	110	1.657	9,6	
104	-60,45 MLWS	61,75	26	120	1.683	9,6	
105	-60,70 MLWS	62,00	29	120	1.712	8,6	
106	-60,95 MLWS	62,25	28	130	1.740	8,9	
107	-61,20 MLWS	62,50	28	130	1.768	8,9	
108	-61,45 MLWS	62,75	28	140	1.796	8,9	
109	-61,70 MLWS	63,00	27	140	1.823	9,3	
110	-61,95 MLWS	63,25	26	150	1.849	9,6	
111	-62,20 MLWS	63,50	26	150	1.875	9,6	
112	-62,45 MLWS	63,75	26	150	1.901	9,6	
113	-62,70 MLWS	64,00	26	150	1.927	9,6	
114	-62,95 MLWS	64,25	26	160	1.953	9,6	
115	-63,20 MLWS	64,50	26	160	1.979	9,6	
116	-63,45 MLWS	64,75	27	170	2.006	9,3	
117	-63,70 MLWS	65,00	27	170	2.033	9,3	
118	-63,95 MLWS	65,25	27	175	2.060	9,3	
119	-64,20 MLWS	65,50	27	175	2.087	9,3	
120	-64,45 MLWS	65,75	28	175	2.115	8,9	
121	-64,70 MLWS	66,00	28	180	2.143	8,9	
122	-64,95 MLWS	66,25	28	180	2.171	8,9	
123	-65,20 MLWS	66,50	28	180	2.199	8,9	
124	-65,45 MLWS	66,75	28	190	2.227	8,9	
125	-65,70 MLWS	67,00	28	190	2.255	8,9	
126	-65,95 MLWS	67,25	27	200	2.282	9,3	
127	-66,20 MLWS	67,50	27	200	2.309	9,3	
128	-66,45 MLWS	67,75	26	200	2.335	9,6	
129	-66,70 MLWS	68,00	25	205	2.360	10,0	
130	-66,95 MLWS	68,25	25	205	2.385	10,0	
131	-67,20 MLWS	68,50	28	210	2.413	8,9	
132	-67,45 MLWS	68,75	28	210	2.441	8,9	
133	-67,70 MLWS	69,00	28	220	2.469	8,9	
134	-67,95 MLWS	69,25	28	220	2.497	8,9	
135	-68,20 MLWS	69,50	27	220	2.524	9,3	
136	-68,45 MLWS	69,75	25	230	2.549	10,0	
137	-68,70 MLWS	70,00	26	230	2.575	9,6	
138	-68,95 MLWS	70,25	27	230	2.602	9,3	
139	-69,20 MLWS	70,50	27	230	2.629	9,3	
140	-69,45 MLWS	70,75	27	230	2.656	9,3	
141	-69,70 MLWS	71,00	28	230	2.684	8,9	
142	-69,95 MLWS	71,25	28	240	2.712	8,9	
143	-70,20 MLWS	71,50	28	240	2.740	8,9	
144	-70,45 MLWS	71,75	28	240	2.768	8,9	
145	-70,70 MLWS	72,00	28	240	2.796	8,9	
146	-70,95 MLWS	72,25	28	240	2.824	8,9	
147	-71,20 MLWS	72,50	32	240	2.856	7,8	
148	-71,45 MLWS	72,75	33	240	2.889	7,6	
149	-71,70 MLWS	73,00	43	240	2.932	5,8	
150	-71,95 MLWS	73,25	30	240	2.962	8,3	
151	-72,20 MLWS	73,50	32	240	2.994	7,8	
152	-72,45 MLWS	73,75	32	240	3.026	7,8	
153	-72,70 MLWS	74,00	33	240	3.059	7,6	
154	-72,95 MLWS	74,25	33	240	3.092	7,6	
155	-73,20 MLWS	74,50	33	240	3.125	7,6	
156	-73,45 MLWS	74,75	34	240	3.159	7,4	
157	-73,70 MLWS	75,00	34	240	3.193	7,4	
158	-73,95 MLWS	75,25	33	240	3.226	7,6	
