N°	Toe Level	Graduation	Blow_Count	Energy(kJ)	Cumulative_blow_Count	Penetration_per_blow(mm/blow)	comments
1	-35,82 MLWS	37,00					
2	-36,07 MLWS	37,25	4	36	4	63	
3	-36,32 MLWS	37,50	4	36	8	63	
4	-36,57 MLWS	37,75	6	36	14	42	
5	-36,82 MLWS	38,00	6	36	20	42	
6	-37,07 MLWS	38,25	6	36	26	42	
7	-37,32 MLWS	38,50	6	36	32	42	
8	-37,57 MLWS	38,75	6	36	38	42	
9	-37,82 MLWS	39,00	6	36	44	42	
10	-38,07 MLWS	39,25	6	36	50	42	
11	-38,32 MLWS	39,50	6	36	56	42	
12	-38,57 MLWS	39,75	6	36	62	42	
13	-38,82 MLWS	40,00	6	36	68	42	
14	-39,07 MLWS	40,25	6	36	74	42	
15	-39,32 MLWS	40,50	6	36	80	42	
16	-39,57 MLWS	40,75	6	36	86	42	
17	-39,82 MLWS	41,00	9	36	95	28	
18	-40,07 MLWS	41,25	9	36	104	28	
19	-40,32 MLWS	41,50	9	36	113	28	
20	-40,57 MLWS	41,75	10	36	123	25	
21	-40,82 MLWS	42,00	10	36	133	25	
22	-41,07 MLWS	42,25	10	36	143	25	
23	-41,32 MLWS	42,50	10	36	153	25	
24	-41,57 MLWS	42,75	10	36	163	25	
25	-41,82 MLWS	43,00	10	36	173	25	
26	-42,07 MLWS	43,25	10	36	183	25	
27	-42,32 MLWS	43,50	10	36	193	25	
28	-42,57 MLWS	43,75	10	36	203	25	
29	-42,82 MLWS	44,00	11	36	214	23	
30	-43,07 MLWS	44,25	11	36	225	23	
31	-43,32 MLWS	44,50	11	36	236	23	
32	-43,57 MLWS	44,75	11	36	247	23	
33	-43,82 MLWS	45,00	11	36	258	23	
34	-44,07 MLWS	45,25	10	36	268	25	
35	-44,32 MLWS	45,50	10	36	278	25	
36	-44,57 MLWS	45,75	10	36	288	25	
37	-44,82 MLWS	46,00	11	36	299	23	
38	-45,07 MLWS	46,25	11	36	310	23	
39	-45,32 MLWS	46,50	11	36	321	23	
40	-45,57 MLWS	46,75	11	36	332	23	
41	-45,82 MLWS	47,00	12	36	344	21	
42	-46,07 MLWS	47,25	12	40	356	21	
43	-46,32 MLWS	47,50	12	40	368	21	
44	-46,57 MLWS	47,75	12	40	380	21	
45	-46,82 MLWS	48,00	12	50	392	21	
46	-47,07 MLWS	48,25	12	50	404	21	
47	-47,32 MLWS	48,50	12	50	416	21	
48	-47,57 MLWS	48,75	12	50	428	21	
49	-47,82 MLWS	49,00	12	50	440	21	
50	-48,07 MLWS	49,25	12	50	452	21	
51	-48,32 MLWS	49,50	13	50	465	19,2	
52	-48,57 MLWS	49,75	14	50	479	17,9	
53	-48,82 MLWS	50,00	14	50	493	17,9	
54	-49,07 MLWS	50,25	14	50	507	17,9	
55	-49,32 MLWS	50,50	15	50	522	16,7	
56	-49,57 MLWS	50,75	15	50	537	16,7	
57	-49,82 MLWS	51,00	15	50	552	16,7	
58	-50,07 MLWS	51,25	15	50	567	16,7	
59	-50,32 MLWS	51,50	15	65	582	16,7	
60	-50,57 MLWS	51,75	15	65	597	16,7	
61	-50,82 MLWS	52,00	15	65	612	16,7	
62	-51,07 MLWS	52,25	16	65	628	15,6	
63	-51,32 MLWS	52,50	18	65	646	13,9	
64	-51,57 MLWS	52,75	18	65	664	13,9	
65	-51,82 MLWS	53,00	18	65	682	13,9	
66	-52,07 MLWS	53,25	17	65	699	14,7	
67	-52,32 MLWS	53,50	18	65	717	13,9	
68	-52,57 MLWS	53,75	18	65	735	13,9	
69	-52,82 MLWS	54,00	17	65	752	14,7	
70	-53,07 MLWS	54,25	20	65	772	12,5	
71	-53,32 MLWS	54,50	20	80	792	12,5	
72	-53,57 MLWS	54,75	20	80	812	12,5	
73	-53,82 MLWS	55,00	20	80	832	12,5	
74	-54,07 MLWS	55,25	20	80	852	12,5	
75	-54,32 MLWS	55,50	20	80	872	12,5	
76	-54,57 MLWS	55,75	20	80	892	12,5	
77	-54,82 MLWS	56,00	20	90	912	12,5	
78	-55,07 MLWS	56,25	22	90	934	11,4	
79	-55,32 MLWS	56,50	22	90	956	11,4	
80	-55,57 MLWS	56,75	22	90	978	11,4	
81	-55,82 MLWS	57,00	22	90	1.000	11,4	
82	-56,07 MLWS	57,25	22	100	1.022	11,4	
83	-56,32 MLWS	57,50	22	100	1.044	11,4	
84	-56,57 MLWS	57,75	22	100	1.066	11,4	
85	-56,82 MLWS	58,00	20	100	1.086	12,5	
86	-57,07 MLWS	58,25	24	100	1.110	10,4	
87	-57,32 MLWS	58,50	24	100	1.134	10,4	
88	-57,57 MLWS	58,75	24	110	1.158	10,4	
89	-57,82 MLWS	59,00	24	110	1.182	10,4	
90	-58,07 MLWS	59,25	23	120	1.205	10,9	
91	-58,32 MLWS	59,50	23	120	1.228	10,9	
92	-58,57 MLWS	59,75	23	120	1.251	10,9	
93	-58,82 MLWS	60,00	23	120	1.274	10,9	
94	-59,07 MLWS	60,25	25	130	1.299	10,0	
95	-59,32 MLWS	60,50	21	130	1.320	11,9	
96	-59,57 MLWS	60,75	22	130	1.342	11,4	
97	-59,82 MLWS	61,00	22	130	1.364	11,4	
98	-60,07 MLWS	61,25	22	130	1.386	11,4	
99	-60,32 MLWS	61,50	22	130	1.408	11,4	
100	-60,57 MLWS	61,75	22	130	1.430	11,4	
101	-60,82 MLWS	62,00	22	130	1.452	11,4	
102	-61,07 MLWS	62,25	22	130	1.474	11,4	
103	-61,32 MLWS	62,50	25	140	1.499	10,0	
104	-61,57 MLWS	62,75	25	150	1.524	10,0	
105	-61,82 MLWS	63,00	25	150	1.549	10,0	
106	-62,07 MLWS	63,25	25	150	1.574	10,0	
107	-62,32 MLWS	63,50	25	150	1.599	10,0	
108	-62,57 MLWS	63,75	25	160	1.624	10,0	
109	-62,82 MLWS	64,00	28	160	1.652	8,9	
110	-63,07 MLWS	64,25	27	160	1.679	9,3	
111	-63,32 MLWS	64,50	28	160	1.707	8,9	
112	-63,57 MLWS	64,75	28	160	1.735	8,9	
113	-63,82 MLWS	65,00	27	160	1.762	9,3	
114	-64,07 MLWS	65,25	27	160	1.789	9,3	
115	-64,32 MLWS	65,50	27	170	1.816	9,3	
116	-64,57 MLWS	65,75	30	170	1.846	8,3	
117	-64,82 MLWS	66,00	30	180	1.876	8,3	
118	-65,07 MLWS	66,25	30	180	1.906	8,3	
119	-65,32 MLWS	66,50	30	180	1.936	8,3	
120	-65,57 MLWS	66,75	34	190	1.970	7,4	
121	-65,82 MLWS	67,00	31	200	2.001	8,1	
122	-66,07 MLWS	67,25	27	200	2.028	9,3	
123	-66,32 MLWS	67,50	27	200	2.055	9,3	
124	-66,57 MLWS	67,75	29	200	2.084	8,6	
125	-66,82 MLWS	68,00	29	200	2.113	8,6	
126	-67,07 MLWS	68,25	29	210	2.142	8,6	
127	-67,32 MLWS	68,50	27	210	2.169	9,3	
128	-67,57 MLWS	68,75	27	210	2.196	9,3	
129	-67,82 MLWS	69,00	27	220	2.223	9,3	
130	-68,07 MLWS	69,25	26	220	2.249	9,6	
131	-68,32 MLWS	69,50	26	220	2.275	9,6	
132	-68,57 MLWS	69,75	26	220	2.301	9,6	
133	-68,82 MLWS	70,00	26	220	2.327	9,6	
134	-69,07 MLWS	70,25	24	220	2.351	10,4	
135	-69,32 MLWS	70,50	24	220	2.375	10,4	
136	-69,57 MLWS	70,75	24	220	2.399	10,4	
137	-69,82 MLWS	71,00	26	220	2.425	9,6	
138	-70,07 MLWS	71,25	26	230	2.451	9,6	
139	-70,32 MLWS	71,50	26	230	2.477	9,6	
140	-70,57 MLWS	71,75	20	230	2.497	12,5	
141	-70,82 MLWS	72,00	23	230	2.520	10,9	
142	-71,07 MLWS	72,25	23	230	2.543	10,9	
143	-71,32 MLWS	72,50	23	230	2.566	10,9	
144	-71,57 MLWS	72,75	23	230	2.589	10,9	
145	-71,82 MLWS	73,00	25	230	2.614	10,0	
146	-72,07 MLWS	73,25	22	230	2.636	11,4	
147	-72,32 MLWS	73,50	22	230	2.658	11,4	
148	-72,57 MLWS	73,75	22	230	2.680	11,4	
149	-72,82 MLWS	74,00	22	230	2.702	11,4	
150	-73,07 MLWS	74,25	22	230	2.724	11,4	
151	-73,32 MLWS	74,50	22	230	2.746	11,4	
152	-73,57 MLWS	74,75	22	230	2.768	11,4	
153	-73,82 MLWS	75,00	23	230	2.791	10,9	
154	-74,07 MLWS	75,25	25	230	2.816	10,0	
155	-74,32 MLWS	75,50	25	230	2.841	10,0	
156	-74,57 MLWS	75,75	22	230	2.863	11,4	
157	-74,82 MLWS	76,00	23	230	2.886	10,9	
158	-75,07 MLWS	76,25	23	230	2.909	10,9	
159	-75,32 MLWS	76,50	26	230	2.935	9,6	
160	-75,57 MLWS	76,75	27	230	2.962	9,3	
161	-75,82 MLWS	77,00	29	230	2.991	8,6	
162	-76,07 MLWS	77,25	21	230	3.012	11,9	
163	-76,32 MLWS	77,50	19	230	3.031	13,2	
