N°	Toe Level	Graduation	Blow_Count	Energy(kJ)	Cumulative_blow_Count	Penetration_per_blow(mm/blow)	comments
1	-37,25 MLWS	38,50					
2	-37,50 MLWS	38,75	8	36	8	31	
3	-37,75 MLWS	39,00	8	36	16	31	
4	-38,00 MLWS	39,25	7	36	23	36	
5	-38,25 MLWS	39,50	7	36	30	36	
6	-38,50 MLWS	39,75	6	36	36	42	
7	-38,75 MLWS	40,00	6	36	42	42	
8	-39,00 MLWS	40,25	6	36	48	42	
9	-39,25 MLWS	40,50	6	36	54	42	
10	-39,50 MLWS	40,75	6	36	60	42	
11	-39,75 MLWS	41,00	5	36	65	50	
12	-40,00 MLWS	41,25	6	36	71	42	
13	-40,25 MLWS	41,50	6	36	77	42	
14	-40,50 MLWS	41,75	6	36	83	42	
15	-40,75 MLWS	42,00	6	36	89	42	
16	-41,00 MLWS	42,25	6	36	95	42	
17	-41,25 MLWS	42,50	6	36	101	42	
18	-41,50 MLWS	42,75	6	36	107	42	
19	-41,75 MLWS	43,00	7	36	114	36	
20	-42,00 MLWS	43,25	7	36	121	36	
21	-42,25 MLWS	43,50	8	36	129	31	
22	-42,50 MLWS	43,75	8	36	137	31	
23	-42,75 MLWS	44,00	8	36	145	31	
24	-43,00 MLWS	44,25	9	36	154	28	
25	-43,25 MLWS	44,50	9	36	163	28	
26	-43,50 MLWS	44,75	8	36	171	31	
27	-43,75 MLWS	45,00	9	36	180	28	
28	-44,00 MLWS	45,25	9	36	189	28	
29	-44,25 MLWS	45,50	10	36	199	25	
30	-44,50 MLWS	45,75	10	36	209	25	
31	-44,75 MLWS	46,00	11	36	220	23	
32	-45,00 MLWS	46,25	11	36	231	23	
33	-45,25 MLWS	46,50	11	36	242	23	
34	-45,50 MLWS	46,75	14	36	256	18	
35	-45,75 MLWS	47,00	14	36	270	18	
36	-46,00 MLWS	47,25	15	36	285	17	
37	-46,25 MLWS	47,50	15	36	300	17	
38	-46,50 MLWS	47,75	15	36	315	17	
39	-46,75 MLWS	48,00	15	36	330	17	
40	-47,00 MLWS	48,25	16	36	346	16	
41	-47,25 MLWS	48,50	16	36	362	16	
42	-47,50 MLWS	48,75	17	36	379	15	
43	-47,75 MLWS	49,00	17	36	396	15	
44	-48,00 MLWS	49,25	17	36	413	15	
45	-48,25 MLWS	49,50	17	36	430	15	
46	-48,50 MLWS	49,75	18	36	448	14	
47	-48,75 MLWS	50,00	19	36	467	13	
48	-49,00 MLWS	50,25	17	36	484	15	
49	-49,25 MLWS	50,50	20	36	504	13	
50	-49,50 MLWS	50,75	20	36	524	13	
51	-49,75 MLWS	51,00	20	36	544	12,5	
52	-50,00 MLWS	51,25	20	36	564	12,5	
53	-50,25 MLWS	51,50	20	36	584	12,5	
54	-50,50 MLWS	51,75	20	36	604	12,5	
55	-50,75 MLWS	52,00	21	36	625	11,9	
56	-51,00 MLWS	52,25	23	36	648	10,9	
57	-51,25 MLWS	52,50	23	36	671	10,9	
58	-51,50 MLWS	52,75	23	36	694	10,9	
59	-51,75 MLWS	53,00	23	36	717	10,9	
60	-52,00 MLWS	53,25	25	36	742	10,0	
61	-52,25 MLWS	53,50	25	36	767	10,0	
62	-52,50 MLWS	53,75	27	36	794	9,3	
63	-52,75 MLWS	54,00	27	36	821	9,3	
64	-53,00 MLWS	54,25	27	50	848	9,3	
65	-53,25 MLWS	54,50	25	50	873	10,0	
66	-53,50 MLWS	54,75	27	50	900	9,3	
67	-53,75 MLWS	55,00	27	65	927	9,3	
68	-54,00 MLWS	55,25	27	65	954	9,3	
69	-54,25 MLWS	55,50	26	72	980	9,6	
70	-54,50 MLWS	55,75	26	72	1.006	9,6	
71	-54,75 MLWS	56,00	26	72	1.032	9,6	
72	-55,00 MLWS	56,25	24	72	1.056	10,4	
73	-55,25 MLWS	56,50	20	72	1.076	12,5	
74	-55,50 MLWS	56,75	20	80	1.096	12,5	
75	-55,75 MLWS	57,00	20	80	1.116	12,5	
76	-56,00 MLWS	57,25	24	80	1.140	10,4	
77	-56,25 MLWS	57,50	23	80	1.163	10,9	
78	-56,50 MLWS	57,75	23	80	1.186	10,9	
79	-56,75 MLWS	58,00	23	80	1.209	10,9	
80	-57,00 MLWS	58,25	27	80	1.236	9,3	
81	-57,25 MLWS	58,50	25	80	1.261	10,0	
82	-57,50 MLWS	58,75	25	95	1.286	10,0	
83	-57,75 MLWS	59,00	26	95	1.312	9,6	
84	-58,00 MLWS	59,25	26	95	1.338	9,6	
85	-58,25 MLWS	59,50	27	100	1.365	9,3	
86	-58,50 MLWS	59,75	27	105	1.392	9,3	
87	-58,75 MLWS	60,00	26	105	1.418	9,6	
88	-59,00 MLWS	60,25	26	110	1.444	9,6	
89	-59,25 MLWS	60,50	25	115	1.469	10,0	
90	-59,50 MLWS	60,75	25	115	1.494	10,0	
91	-59,75 MLWS	61,00	25	120	1.519	10,0	
92	-60,00 MLWS	61,25	26	120	1.545	9,6	
93	-60,25 MLWS	61,50	26	130	1.571	9,6	
94	-60,50 MLWS	61,75	24	140	1.595	10,4	
95	-60,75 MLWS	62,00	24	140	1.619	10,4	
96	-61,00 MLWS	62,25	24	145	1.643	10,4	
97	-61,25 MLWS	62,50	22	150	1.665	11,4	
98	-61,50 MLWS	62,75	22	150	1.687	11,4	
99	-61,75 MLWS	63,00	22	150	1.709	11,4	
100	-62,00 MLWS	63,25	22	150	1.731	11,4	
101	-62,25 MLWS	63,50	22	150	1.753	11,4	
102	-62,50 MLWS	63,75	22	150	1.775	11,4	
103	-62,75 MLWS	64,00	24	165	1.799	10,4	
104	-63,00 MLWS	64,25	28	175	1.827	8,9	
105	-63,25 MLWS	64,50	28	175	1.855	8,9	
106	-63,50 MLWS	64,75	28	175	1.883	8,9	
107	-63,75 MLWS	65,00	28	175	1.911	8,9	
108	-64,00 MLWS	65,25	28	175	1.939	8,9	
109	-64,25 MLWS	65,50	28	175	1.967	8,9	
110	-64,50 MLWS	65,75	25	175	1.992	10,0	
111	-64,75 MLWS	66,00	25	175	2.017	10,0	
112	-65,00 MLWS	66,25	25	175	2.042	10,0	
113	-65,25 MLWS	66,50	25	175	2.067	10,0	
114	-65,50 MLWS	66,75	25	200	2.092	10,0	
115	-65,75 MLWS	67,00	22	200	2.114	11,4	
116	-66,00 MLWS	67,25	25	200	2.139	10,0	
117	-66,25 MLWS	67,50	25	200	2.164	10,0	
118	-66,50 MLWS	67,75	25	200	2.189	10,0	
119	-66,75 MLWS	68,00	25	200	2.214	10,0	
120	-67,00 MLWS	68,25	22	200	2.236	11,4	
121	-67,25 MLWS	68,50	22	200	2.258	11,4	
122	-67,50 MLWS	68,75	22	200	2.280	11,4	
123	-67,75 MLWS	69,00	24	200	2.304	10,4	
124	-68,00 MLWS	69,25	24	200	2.328	10,4	
125	-68,25 MLWS	69,50	24	200	2.352	10,4	
126	-68,50 MLWS	69,75	24	200	2.376	10,4	
127	-68,75 MLWS	70,00	24	200	2.400	10,4	
128	-69,00 MLWS	70,25	22	210	2.422	11,4	
129	-69,25 MLWS	70,50	28	210	2.450	8,9	
130	-69,50 MLWS	70,75	28	210	2.478	8,9	
131	-69,75 MLWS	71,00	28	210	2.506	8,9	
132	-70,00 MLWS	71,25	28	210	2.534	8,9	
133	-70,25 MLWS	71,50	28	210	2.562	8,9	
134	-70,50 MLWS	71,75	30	220	2.592	8,3	
135	-70,75 MLWS	72,00	30	220	2.622	8,3	
136	-71,00 MLWS	72,25	30	220	2.652	8,3	
137	-71,25 MLWS	72,50	30	230	2.682	8,3	
138	-71,50 MLWS	72,75	31	230	2.713	8,1	
139	-71,75 MLWS	73,00	31	230	2.744	8,1	
140	-72,00 MLWS	73,25	31	240	2.775	8,1	
141	-72,25 MLWS	73,50	31	240	2.806	8,1	
142	-72,50 MLWS	73,75	31	240	2.837	8,1	
143	-72,75 MLWS	74,00	31	240	2.868	8,1	
144	-73,00 MLWS	74,25	31	240	2.899	8,1	
145	-73,25 MLWS	74,50	32	240	2.931	7,8	
146	-73,50 MLWS	74,75	32	240	2.963	7,8	
147	-73,75 MLWS	75,00	29	240	2.992	8,6	
148	-74,00 MLWS	75,25	31	240	3.023	8,1	
149	-74,25 MLWS	75,50	31	240	3.054	8,1	
150	-74,50 MLWS	75,75	31	240	3.085	8,1	
151	-74,75 MLWS	76,00	31	240	3.116	8,1	
152	-75,00 MLWS	76,25	32	240	3.148	7,8	
153	-75,25 MLWS	76,50	32	240	3.180	7,8	
154	-75,50 MLWS	76,75	29	240	3.209	8,6	
155	-75,75 MLWS	77,00	29	240	3.238	8,6	
156	-76,00 MLWS	77,25	29	240	3.267	8,6	
157	-76,25 MLWS	77,50	27	240	3.294	9,3	
158	-76,50 MLWS	77,75	29	240	3.323	8,6	
159	-76,75 MLWS	78,00	29	240	3.352	8,6	
160	-77,00 MLWS	78,25	29	240	3.381	8,6	
