N°	Toe Level	Graduation	Blow_Count	Energy(kJ)	Cumulative_blow_Count	Penetration_per_blow(mm/blow)	comments
1	-34,64 MLWS	35,75					
2	-34,89 MLWS	36,00	8	36	8	31	
3	-35,14 MLWS	36,25	7	36	15	36	
4	-35,39 MLWS	36,50	5	36	20	50	
5	-35,64 MLWS	36,75	3	36	23	83	
6	-35,89 MLWS	37,00	2	36	25	125	
7	-36,14 MLWS	37,25	2	36	27	125	
8	-36,39 MLWS	37,50	3	36	30	83	
9	-36,64 MLWS	37,75	2	36	32	125	
10	-36,89 MLWS	38,00	2	36	34	125	
11	-37,14 MLWS	38,25	3	36	37	83	
12	-37,39 MLWS	38,50	2	36	39	125	
13	-37,64 MLWS	38,75	2	36	41	125	
14	-37,89 MLWS	39,00	3	36	44	83	
15	-38,14 MLWS	39,25	3	36	47	83	
16	-38,39 MLWS	39,50	4	36	51	63	
17	-38,64 MLWS	39,75	4	36	55	63	
18	-38,89 MLWS	40,00	4	36	59	63	
19	-39,14 MLWS	40,25	8	36	67	31	
20	-39,39 MLWS	40,50	8	36	75	31	
21	-39,64 MLWS	40,75	8	36	83	31	
22	-39,89 MLWS	41,00	7	36	90	36	
23	-40,14 MLWS	41,25	8	36	98	31	
24	-40,39 MLWS	41,50	7	36	105	36	
25	-40,64 MLWS	41,75	7	36	112	36	
26	-40,89 MLWS	42,00	7	36	119	36	
27	-41,14 MLWS	42,25	7	36	126	36	
28	-41,39 MLWS	42,50	8	36	134	31	
29	-41,64 MLWS	42,75	8	36	142	31	
30	-41,89 MLWS	43,00	7	36	149	36	
31	-42,14 MLWS	43,25	8	36	157	31	
32	-42,39 MLWS	43,50	8	36	165	31	
33	-42,64 MLWS	43,75	9	36	174	28	
34	-42,89 MLWS	44,00	9	36	183	28	
35	-43,14 MLWS	44,25	11	36	194	23	
36	-43,39 MLWS	44,50	10	36	204	25	
37	-43,64 MLWS	44,75	11	36	215	23	
38	-43,89 MLWS	45,00	11	36	226	23	
39	-44,14 MLWS	45,25	12	36	238	21	
40	-44,39 MLWS	45,50	11	36	249	23	
41	-44,64 MLWS	45,75	13	36	262	19	
42	-44,89 MLWS	46,00	12	36	274	21	
43	-45,14 MLWS	46,25	16	36	290	16	
44	-45,39 MLWS	46,50	16	36	306	16	
45	-45,64 MLWS	46,75	16	36	322	16	
46	-45,89 MLWS	47,00	18	36	340	14	
47	-46,14 MLWS	47,25	19	36	359	13	
48	-46,39 MLWS	47,50	20	36	379	13	
49	-46,64 MLWS	47,75	19	36	398	13	
50	-46,89 MLWS	48,00	19	36	417	13	
51	-47,14 MLWS	48,25	20	36	437	12,5	
52	-47,39 MLWS	48,50	20	40	457	12,5	
53	-47,64 MLWS	48,75	21	40	478	11,9	
54	-47,89 MLWS	49,00	21	40	499	11,9	
55	-48,14 MLWS	49,25	21	40	520	11,9	
56	-48,39 MLWS	49,50	19	44	539	13,2	
57	-48,64 MLWS	49,75	20	44	559	12,5	
58	-48,89 MLWS	50,00	20	44	579	12,5	
59	-49,14 MLWS	50,25	20	44	599	12,5	
60	-49,39 MLWS	50,50	19	44	618	13,2	
61	-49,64 MLWS	50,75	19	44	637	13,2	
62	-49,89 MLWS	51,00	19	44	656	13,2	
63	-50,14 MLWS	51,25	21	44	677	11,9	
64	-50,39 MLWS	51,50	20	44	697	12,5	
65	-50,64 MLWS	51,75	22	44	719	11,4	
66	-50,89 MLWS	52,00	22	44	741	11,4	
67	-51,14 MLWS	52,25	20	44	761	12,5	
68	-51,39 MLWS	52,50	27	44	788	9,3	
69	-51,64 MLWS	52,75	27	60	815	9,3	
70	-51,89 MLWS	53,00	24	60	839	10,4	
71	-52,14 MLWS	53,25	26	60	865	9,6	
72	-52,39 MLWS	53,50	26	60	891	9,6	
73	-52,64 MLWS	53,75	19	60	910	13,2	
74	-52,89 MLWS	54,00	20	60	930	12,5	
75	-53,14 MLWS	54,25	22	60	952	11,4	
76	-53,39 MLWS	54,50	22	66	974	11,4	
77	-53,64 MLWS	54,75	25	66	999	10,0	
78	-53,89 MLWS	55,00	25	66	1.024	10,0	
79	-54,14 MLWS	55,25	25	69	1.049	10,0	
80	-54,39 MLWS	55,50	25	69	1.074	10,0	
81	-54,64 MLWS	55,75	26	70	1.100	9,6	
82	-54,89 MLWS	56,00	25	70	1.125	10,0	
83	-55,14 MLWS	56,25	26	72	1.151	9,6	
84	-55,39 MLWS	56,50	27	72	1.178	9,3	
85	-55,64 MLWS	56,75	27	80	1.205	9,3	
86	-55,89 MLWS	57,00	27	80	1.232	9,3	
87	-56,14 MLWS	57,25	27	80	1.259	9,3	
88	-56,39 MLWS	57,50	27	80	1.286	9,3	
89	-56,64 MLWS	57,75	28	90	1.314	8,9	
90	-56,89 MLWS	58,00	28	90	1.342	8,9	
91	-57,14 MLWS	58,25	27	90	1.369	9,3	
92	-57,39 MLWS	58,50	27	90	1.396	9,3	
93	-57,64 MLWS	58,75	29	90	1.425	8,6	
94	-57,89 MLWS	59,00	30	100	1.455	8,3	
95	-58,14 MLWS	59,25	30	100	1.485	8,3	
96	-58,39 MLWS	59,50	27	100	1.512	9,3	
97	-58,64 MLWS	59,75	28	100	1.540	8,9	
98	-58,89 MLWS	60,00	32	100	1.572	7,8	
99	-59,14 MLWS	60,25	30	110	1.602	8,3	
100	-59,39 MLWS	60,50	30	110	1.632	8,3	
101	-59,64 MLWS	60,75	30	110	1.662	8,3	
102	-59,89 MLWS	61,00	29	110	1.691	8,6	
103	-60,14 MLWS	61,25	32	110	1.723	7,8	
104	-60,39 MLWS	61,50	29	120	1.752	8,6	
105	-60,64 MLWS	61,75	28	120	1.780	8,9	
106	-60,89 MLWS	62,00	29	120	1.809	8,6	
107	-61,14 MLWS	62,25	30	130	1.839	8,3	
108	-61,39 MLWS	62,50	30	130	1.869	8,3	
109	-61,64 MLWS	62,75	30	130	1.899	8,3	
110	-61,89 MLWS	63,00	33	130	1.932	7,6	
111	-62,14 MLWS	63,25	33	130	1.965	7,6	
112	-62,39 MLWS	63,50	35	140	2.000	7,1	
113	-62,64 MLWS	63,75	35	140	2.035	7,1	
114	-62,89 MLWS	64,00	35	140	2.070	7,1	
115	-63,14 MLWS	64,25	35	150	2.105	7,1	
116	-63,39 MLWS	64,50	36	160	2.141	6,9	
117	-63,64 MLWS	64,75	36	160	2.177	6,9	
118	-63,89 MLWS	65,00	33	170	2.210	7,6	
119	-64,14 MLWS	65,25	30	170	2.240	8,3	
120	-64,39 MLWS	65,50	32	190	2.272	7,8	
121	-64,64 MLWS	65,75	32	200	2.304	7,8	
122	-64,89 MLWS	66,00	32	200	2.336	7,8	
123	-65,14 MLWS	66,25	30	220	2.366	8,3	
124	-65,39 MLWS	66,50	29	220	2.395	8,6	
125	-65,64 MLWS	66,75	29	220	2.424	8,6	
126	-65,89 MLWS	67,00	33	230	2.457	7,6	
127	-66,14 MLWS	67,25	27	230	2.484	9,3	
128	-66,39 MLWS	67,50	27	230	2.511	9,3	
129	-66,64 MLWS	67,75	30	240	2.541	8,3	
130	-66,89 MLWS	68,00	30	240	2.571	8,3	
131	-67,14 MLWS	68,25	30	240	2.601	8,3	
132	-67,39 MLWS	68,50	30	240	2.631	8,3	
133	-67,64 MLWS	68,75	30	240	2.661	8,3	
134	-67,89 MLWS	69,00	33	240	2.694	7,6	
135	-68,14 MLWS	69,25	33	240	2.727	7,6	
136	-68,39 MLWS	69,50	33	240	2.760	7,6	
137	-68,64 MLWS	69,75	29	240	2.789	8,6	
138	-68,89 MLWS	70,00	37	240	2.826	6,8	
139	-69,14 MLWS	70,25	32	240	2.858	7,8	
140	-69,39 MLWS	70,50	32	240	2.890	7,8	
141	-69,64 MLWS	70,75	32	240	2.922	7,8	
142	-69,89 MLWS	71,00	30	240	2.952	8,3	
143	-70,14 MLWS	71,25	36	240	2.988	6,9	
144	-70,39 MLWS	71,50	36	240	3.024	6,9	
145	-70,64 MLWS	71,75	37	240	3.061	6,8	
146	-70,89 MLWS	72,00	37	240	3.098	6,8	
147	-71,14 MLWS	72,25	40	240	3.138	6,3	
148	-71,39 MLWS	72,50	40	240	3.178	6,3	
149	-71,64 MLWS	72,75	42	240	3.220	6,0	
150	-71,89 MLWS	73,00	42	240	3.262	6,0	
151	-72,14 MLWS	73,25	34	240	3.296	7,4	
152	-72,39 MLWS	73,50	42	240	3.338	6,0	
153	-72,64 MLWS	73,75	40	240	3.378	6,3	
154	-72,89 MLWS	74,00	46	240	3.424	5,4	
155	-73,14 MLWS	74,25	46	240	3.470	5,4	
156	-73,39 MLWS	74,50	46	240	3.516	5,4	
157	-73,64 MLWS	74,75	48	240	3.564	5,2	
158	-73,89 MLWS	75,00	48	240	3.612	5,2	
159	-74,14 MLWS	75,25	48	240	3.660	5,2	
160	-74,39 MLWS	75,50	48	240	3.708	5,2	
161	-74,64 MLWS	75,75	48	240	3.756	5,2	
162	-74,89 MLWS	76,00	49	240	3.805	5,1	
163	-75,14 MLWS	76,25	49	240	3.854	5,1	
164	-75,39 MLWS	76,50	38	240	3.892	6,6	
165	-75,64 MLWS	76,75	38	240	3.930	6,6	
166	-75,89 MLWS	77,00	36	240	3.966	6,9	
167	-76,14 MLWS	77,25	38	240	4.004	6,6	
168	-76,39 MLWS	77,50	37	240	4.041	6,8	
169	-76,64 MLWS	77,75	35	240	4.076	7,1	
