N°	Toe Level	Graduation	Blow_Count	Energy(kJ)	Cumulative_blow_Count	Penetration_per_blow(mm/blow)	comments
1	-37,92 MLWS	39,25					
2	-38,17 MLWS	39,50	12	36	12	21	
3	-38,42 MLWS	39,75	12	36	24	21	
4	-38,67 MLWS	40,00	12	36	36	21	
5	-38,92 MLWS	40,25	12	36	48	21	
6	-39,17 MLWS	40,50	9	36	57	28	
7	-39,42 MLWS	40,75	10	36	67	25	
8	-39,67 MLWS	41,00	10	36	77	25	
9	-39,92 MLWS	41,25	9	36	86	28	
10	-40,17 MLWS	41,50	10	36	96	25	
11	-40,42 MLWS	41,75	10	36	106	25	
12	-40,67 MLWS	42,00	10	36	116	25	
13	-40,92 MLWS	42,25	9	36	125	28	
14	-41,17 MLWS	42,50	9	36	134	28	
15	-41,42 MLWS	42,75	10	36	144	25	
16	-41,67 MLWS	43,00	10	36	154	25	
17	-41,92 MLWS	43,25	10	36	164	25	
18	-42,17 MLWS	43,50	10	36	174	25	
19	-42,42 MLWS	43,75	11	36	185	23	
20	-42,67 MLWS	44,00	11	36	196	23	
21	-42,92 MLWS	44,25	11	36	207	23	
22	-43,17 MLWS	44,50	11	36	218	23	
23	-43,42 MLWS	44,75	12	36	230	21	
24	-43,67 MLWS	45,00	12	36	242	21	
25	-43,92 MLWS	45,25	13	36	255	19	
26	-44,17 MLWS	45,50	13	36	268	19	
27	-44,42 MLWS	45,75	13	36	281	19	
28	-44,67 MLWS	46,00	13	36	294	19	
29	-44,92 MLWS	46,25	15	36	309	17	
30	-45,17 MLWS	46,50	15	36	324	17	
31	-45,42 MLWS	46,75	15	36	339	17	
32	-45,67 MLWS	47,00	17	36	356	15	
33	-45,92 MLWS	47,25	17	36	373	15	
34	-46,17 MLWS	47,50	17	36	390	15	
35	-46,42 MLWS	47,75	18	36	408	14	
36	-46,67 MLWS	48,00	18	36	426	14	
37	-46,92 MLWS	48,25	18	36	444	14	
38	-47,17 MLWS	48,50	18	36	462	14	
39	-47,42 MLWS	48,75	19	36	481	13	
40	-47,67 MLWS	49,00	19	36	500	13	
41	-47,92 MLWS	49,25	19	36	519	13	
42	-48,17 MLWS	49,50	19	36	538	13	
43	-48,42 MLWS	49,75	20	36	558	13	
44	-48,67 MLWS	50,00	20	36	578	13	
45	-48,92 MLWS	50,25	20	36	598	13	
46	-49,17 MLWS	50,50	20	36	618	13	
47	-49,42 MLWS	50,75	20	36	638	13	
48	-49,67 MLWS	51,00	20	36	658	13	
49	-49,92 MLWS	51,25	20	36	678	13	
50	-50,17 MLWS	51,50	20	36	698	13	
51	-50,42 MLWS	51,75	22	36	720	11,4	
52	-50,67 MLWS	52,00	22	36	742	11,4	
53	-50,92 MLWS	52,25	22	36	764	11,4	
54	-51,17 MLWS	52,50	22	36	786	11,4	
55	-51,42 MLWS	52,75	22	36	808	11,4	
56	-51,67 MLWS	53,00	24	36	832	10,4	
57	-51,92 MLWS	53,25	24	40	856	10,4	
58	-52,17 MLWS	53,50	24	40	880	10,4	
59	-52,42 MLWS	53,75	25	50	905	10,0	
60	-52,67 MLWS	54,00	25	50	930	10,0	
61	-52,92 MLWS	54,25	25	50	955	10,0	
62	-53,17 MLWS	54,50	28	50	983	8,9	
63	-53,42 MLWS	54,75	28	50	1.011	8,9	
64	-53,67 MLWS	55,00	28	50	1.039	8,9	
65	-53,92 MLWS	55,25	28	70	1.067	8,9	
66	-54,17 MLWS	55,50	27	70	1.094	9,3	
67	-54,42 MLWS	55,75	24	70	1.118	10,4	
68	-54,67 MLWS	56,00	24	70	1.142	10,4	
69	-54,92 MLWS	56,25	22	70	1.164	11,4	
70	-55,17 MLWS	56,50	22	72	1.186	11,4	
71	-55,42 MLWS	56,75	22	72	1.208	11,4	
72	-55,67 MLWS	57,00	23	80	1.231	10,9	
73	-55,92 MLWS	57,25	23	80	1.254	10,9	
74	-56,17 MLWS	57,50	24	80	1.278	10,4	
75	-56,42 MLWS	57,75	23	80	1.301	10,9	
76	-56,67 MLWS	58,00	23	80	1.324	10,9	
77	-56,92 MLWS	58,25	23	80	1.347	10,9	
78	-57,17 MLWS	58,50	23	80	1.370	10,9	
79	-57,42 MLWS	58,75	24	90	1.394	10,4	
80	-57,67 MLWS	59,00	26	90	1.420	9,6	
81	-57,92 MLWS	59,25	26	90	1.446	9,6	
82	-58,17 MLWS	59,50	26	90	1.472	9,6	
83	-58,42 MLWS	59,75	26	100	1.498	9,6	
84	-58,67 MLWS	60,00	26	100	1.524	9,6	
85	-58,92 MLWS	60,25	26	100	1.550	9,6	
86	-59,17 MLWS	60,50	26	110	1.576	9,6	
87	-59,42 MLWS	60,75	23	110	1.599	10,9	
88	-59,67 MLWS	61,00	22	120	1.621	11,4	
89	-59,92 MLWS	61,25	22	120	1.643	11,4	
90	-60,17 MLWS	61,50	22	120	1.665	11,4	
91	-60,42 MLWS	61,75	23	130	1.688	10,9	
92	-60,67 MLWS	62,00	24	130	1.712	10,4	
93	-60,92 MLWS	62,25	26	130	1.738	9,6	
94	-61,17 MLWS	62,50	26	130	1.764	9,6	
95	-61,42 MLWS	62,75	24	140	1.788	10,4	
96	-61,67 MLWS	63,00	24	140	1.812	10,4	
97	-61,92 MLWS	63,25	26	140	1.838	9,6	
98	-62,17 MLWS	63,50	26	150	1.864	9,6	
99	-62,42 MLWS	63,75	24	150	1.888	10,4	
100	-62,67 MLWS	64,00	24	150	1.912	10,4	
101	-62,92 MLWS	64,25	26	150	1.938	9,6	
102	-63,17 MLWS	64,50	26	170	1.964	9,6	
103	-63,42 MLWS	64,75	26	170	1.990	9,6	
104	-63,67 MLWS	65,00	27	170	2.017	9,3	
105	-63,92 MLWS	65,25	24	180	2.041	10,4	
106	-64,17 MLWS	65,50	24	180	2.065	10,4	
107	-64,42 MLWS	65,75	28	200	2.093	8,9	
108	-64,67 MLWS	66,00	29	200	2.122	8,6	
109	-64,92 MLWS	66,25	30	200	2.152	8,3	
110	-65,17 MLWS	66,50	30	220	2.182	8,3	
111	-65,42 MLWS	66,75	27	220	2.209	9,3	
112	-65,67 MLWS	67,00	27	220	2.236	9,3	
113	-65,92 MLWS	67,25	27	220	2.263	9,3	
114	-66,17 MLWS	67,50	26	220	2.289	9,6	
115	-66,42 MLWS	67,75	24	220	2.313	10,4	
116	-66,67 MLWS	68,00	24	220	2.337	10,4	
117	-66,92 MLWS	68,25	22	230	2.359	11,4	
118	-67,17 MLWS	68,50	22	230	2.381	11,4	
119	-67,42 MLWS	68,75	22	230	2.403	11,4	
120	-67,67 MLWS	69,00	22	230	2.425	11,4	
121	-67,92 MLWS	69,25	22	230	2.447	11,4	
122	-68,17 MLWS	69,50	22	230	2.469	11,4	
123	-68,42 MLWS	69,75	20	230	2.489	12,5	
124	-68,67 MLWS	70,00	20	230	2.509	12,5	
125	-68,92 MLWS	70,25	20	230	2.529	12,5	
126	-69,17 MLWS	70,50	20	230	2.549	12,5	
127	-69,42 MLWS	70,75	21	230	2.570	11,9	
128	-69,67 MLWS	71,00	21	230	2.591	11,9	
129	-69,92 MLWS	71,25	22	230	2.613	11,4	
130	-70,17 MLWS	71,50	22	230	2.635	11,4	
131	-70,42 MLWS	71,75	22	230	2.657	11,4	
132	-70,67 MLWS	72,00	22	230	2.679	11,4	
133	-70,92 MLWS	72,25	23	230	2.702	10,9	
134	-71,17 MLWS	72,50	24	230	2.726	10,4	
135	-71,42 MLWS	72,75	24	230	2.750	10,4	
136	-71,67 MLWS	73,00	24	230	2.774	10,4	
137	-71,92 MLWS	73,25	24	230	2.798	10,4	
138	-72,17 MLWS	73,50	24	230	2.822	10,4	
139	-72,42 MLWS	73,75	24	230	2.846	10,4	
140	-72,67 MLWS	74,00	25	230	2.871	10,0	
141	-72,92 MLWS	74,25	25	235	2.896	10,0	
142	-73,17 MLWS	74,50	22	235	2.918	11,4	
143	-73,42 MLWS	74,75	22	235	2.940	11,4	
144	-73,67 MLWS	75,00	22	235	2.962	11,4	
145	-73,92 MLWS	75,25	22	235	2.984	11,4	
146	-74,17 MLWS	75,50	22	235	3.006	11,4	
147	-74,42 MLWS	75,75	22	235	3.028	11,4	
148	-74,67 MLWS	76,00	22	235	3.050	11,4	
149	-74,92 MLWS	76,25	30	235	3.080	8,3	
150	-75,17 MLWS	76,50	24	235	3.104	10,4	
151	-75,42 MLWS	76,75	24	235	3.128	10,4	
152	-75,67 MLWS	77,00	26	235	3.154	9,6	
153	-75,92 MLWS	77,25	26	240	3.180	9,6	
154	-76,17 MLWS	77,50	35	240	3.215	7,1	
155	-76,42 MLWS	77,75	32	240	3.247	7,8	
156	-76,52 MLWS	77,85	14	240	3.261	7,1	
