N°	Toe Level	Graduation	Blow_Count	Energy(kJ)	Cumulative_blow_Count	Penetration_per_blow(mm/blow)	comments
1	-39,92 MLWS	41,25					
2	-40,17 MLWS	41,50	8	36	8	31	
3	-40,42 MLWS	41,75	8	36	16	31	
4	-40,67 MLWS	42,00	8	36	24	31	
5	-40,92 MLWS	42,25	10	36	34	25	
6	-41,17 MLWS	42,50	9	36	43	28	
7	-41,42 MLWS	42,75	9	36	52	28	
8	-41,67 MLWS	43,00	9	36	61	28	
9	-41,92 MLWS	43,25	9	36	70	28	
10	-42,17 MLWS	43,50	9	36	79	28	
11	-42,42 MLWS	43,75	9	36	88	28	
12	-42,67 MLWS	44,00	10	36	98	25	
13	-42,92 MLWS	44,25	10	36	108	25	
14	-43,17 MLWS	44,50	10	36	118	25	
15	-43,42 MLWS	44,75	11	36	129	23	
16	-43,67 MLWS	45,00	11	36	140	23	
17	-43,92 MLWS	45,25	11	36	151	23	
18	-44,17 MLWS	45,50	12	36	163	21	
19	-44,42 MLWS	45,75	12	36	175	21	
20	-44,67 MLWS	46,00	13	36	188	19	
21	-44,92 MLWS	46,25	13	36	201	19	
22	-45,17 MLWS	46,50	13	36	214	19	
23	-45,42 MLWS	46,75	14	36	228	18	
24	-45,67 MLWS	47,00	17	36	245	15	
25	-45,92 MLWS	47,25	16	36	261	16	
26	-46,17 MLWS	47,50	16	36	277	16	
27	-46,42 MLWS	47,75	16	36	293	16	
28	-46,67 MLWS	48,00	14	36	307	18	
29	-46,92 MLWS	48,25	13	54	320	19	
30	-47,17 MLWS	48,50	13	54	333	19	
31	-47,42 MLWS	48,75	14	54	347	18	
32	-47,67 MLWS	49,00	14	54	361	18	
33	-47,92 MLWS	49,25	13	54	374	19	
34	-48,17 MLWS	49,50	13	54	387	19	
35	-48,42 MLWS	49,75	13	54	400	19	
36	-48,67 MLWS	50,00	13	54	413	19	
37	-48,92 MLWS	50,25	14	54	427	18	
38	-49,17 MLWS	50,50	14	54	441	18	
39	-49,42 MLWS	50,75	14	54	455	18	
40	-49,67 MLWS	51,00	17	54	472	15	
41	-49,92 MLWS	51,25	15	54	487	17	
42	-50,17 MLWS	51,50	14	54	501	18	
43	-50,42 MLWS	51,75	14	54	515	18	
44	-50,67 MLWS	52,00	14	72	529	18	
45	-50,92 MLWS	52,25	13	72	542	19	
46	-51,17 MLWS	52,50	13	72	555	19	
47	-51,42 MLWS	52,75	17	72	572	15	
48	-51,67 MLWS	53,00	18	52	590	14	
49	-51,92 MLWS	53,25	20	52	610	13	
50	-52,17 MLWS	53,50	20	52	630	13	
51	-52,42 MLWS	53,75	21	52	651	11,9	
52	-52,67 MLWS	54,00	21	52	672	11,9	
53	-52,92 MLWS	54,25	22	52	694	11,4	
54	-53,17 MLWS	54,50	24	52	718	10,4	
55	-53,42 MLWS	54,75	24	52	742	10,4	
56	-53,67 MLWS	55,00	23	52	765	10,9	
57	-53,92 MLWS	55,25	24	52	789	10,4	
58	-54,17 MLWS	55,50	24	52	813	10,4	
59	-54,42 MLWS	55,75	24	52	837	10,4	
60	-54,67 MLWS	56,00	27	52	864	9,3	
61	-54,92 MLWS	56,25	27	52	891	9,3	
62	-55,17 MLWS	56,50	31	52	922	8,1	
63	-55,42 MLWS	56,75	31	52	953	8,1	
64	-55,67 MLWS	57,00	31	72	984	8,1	
65	-55,92 MLWS	57,25	30	72	1.014	8,3	
66	-56,17 MLWS	57,50	30	72	1.044	8,3	
67	-56,42 MLWS	57,75	30	72	1.074	8,3	
68	-56,67 MLWS	58,00	30	72	1.104	8,3	
69	-56,92 MLWS	58,25	31	72	1.135	8,1	
70	-57,17 MLWS	58,50	30	80	1.165	8,3	
71	-57,42 MLWS	58,75	32	80	1.197	7,8	
72	-57,67 MLWS	59,00	31	90	1.228	8,1	
73	-57,92 MLWS	59,25	32	90	1.260	7,8	
74	-58,17 MLWS	59,50	29	100	1.289	8,6	
75	-58,42 MLWS	59,75	30	100	1.319	8,3	
76	-58,67 MLWS	60,00	31	100	1.350	8,1	
77	-58,92 MLWS	60,25	29	110	1.379	8,6	
78	-59,17 MLWS	60,50	29	110	1.408	8,6	
79	-59,42 MLWS	60,75	29	120	1.437	8,6	
80	-59,67 MLWS	61,00	29	120	1.466	8,6	
81	-59,92 MLWS	61,25	27	120	1.493	9,3	
82	-60,17 MLWS	61,50	27	120	1.520	9,3	
83	-60,42 MLWS	61,75	28	120	1.548	8,9	
84	-60,67 MLWS	62,00	27	130	1.575	9,3	
85	-60,92 MLWS	62,25	27	130	1.602	9,3	
86	-61,17 MLWS	62,50	26	140	1.628	9,6	
87	-61,42 MLWS	62,75	26	140	1.654	9,6	
88	-61,67 MLWS	63,00	26	140	1.680	9,6	
89	-61,92 MLWS	63,25	28	140	1.708	8,9	
90	-62,17 MLWS	63,50	26	140	1.734	9,6	
91	-62,42 MLWS	63,75	27	140	1.761	9,3	
92	-62,67 MLWS	64,00	36	140	1.797	6,9	
93	-62,92 MLWS	64,25	39	110	1.836	6,4	
94	-63,17 MLWS	64,50	39	120	1.875	6,4	
95	-63,42 MLWS	64,75	39	130	1.914	6,4	
96	-63,67 MLWS	65,00	39	140	1.953	6,4	
97	-63,92 MLWS	65,25	37	150	1.990	6,8	
98	-64,17 MLWS	65,50	37	150	2.027	6,8	
99	-64,42 MLWS	65,75	33	160	2.060	7,6	
100	-64,67 MLWS	66,00	32	160	2.092	7,8	
101	-64,92 MLWS	66,25	27	180	2.119	9,3	
102	-65,17 MLWS	66,50	22	180	2.141	11,4	
103	-65,42 MLWS	66,75	32	180	2.173	7,8	
104	-65,67 MLWS	67,00	30	180	2.203	8,3	
105	-65,92 MLWS	67,25	30	180	2.233	8,3	
106	-66,17 MLWS	67,50	30	185	2.263	8,3	
107	-66,42 MLWS	67,75	27	185	2.290	9,3	
108	-66,67 MLWS	68,00	27	185	2.317	9,3	
109	-66,92 MLWS	68,25	27	185	2.344	9,3	
110	-67,17 MLWS	68,50	26	185	2.370	9,6	
111	-67,42 MLWS	68,75	35	185	2.405	7,1	
112	-67,67 MLWS	69,00	34	185	2.439	7,4	
113	-67,92 MLWS	69,25	34	185	2.473	7,4	
114	-68,17 MLWS	69,50	31	185	2.504	8,1	
115	-68,42 MLWS	69,75	32	185	2.536	7,8	
116	-68,67 MLWS	70,00	31	185	2.567	8,1	
117	-68,92 MLWS	70,25	31	185	2.598	8,1	
118	-69,17 MLWS	70,50	33	185	2.631	7,6	
119	-69,42 MLWS	70,75	32	190	2.663	7,8	
120	-69,67 MLWS	71,00	33	190	2.696	7,6	
121	-69,92 MLWS	71,25	39	195	2.735	6,4	
122	-70,17 MLWS	71,50	33	200	2.768	7,6	
123	-70,42 MLWS	71,75	36	200	2.804	6,9	
124	-70,67 MLWS	72,00	35	205	2.839	7,1	
125	-70,92 MLWS	72,25	35	205	2.874	7,1	
126	-71,17 MLWS	72,50	35	210	2.909	7,1	
127	-71,42 MLWS	72,75	34	215	2.943	7,4	
128	-71,67 MLWS	73,00	32	225	2.975	7,8	
129	-71,92 MLWS	73,25	31	225	3.006	8,1	
130	-72,17 MLWS	73,50	29	225	3.035	8,6	
131	-72,42 MLWS	73,75	29	230	3.064	8,6	
132	-72,67 MLWS	74,00	29	230	3.093	8,6	
133	-72,92 MLWS	74,25	30	230	3.123	8,3	
134	-73,17 MLWS	74,50	30	230	3.153	8,3	
135	-73,42 MLWS	74,75	31	230	3.184	8,1	
136	-73,67 MLWS	75,00	32	230	3.216	7,8	
137	-73,92 MLWS	75,25	32	230	3.248	7,8	
138	-74,17 MLWS	75,50	33	240	3.281	7,6	
139	-74,42 MLWS	75,75	33	240	3.314	7,6	
140	-74,67 MLWS	76,00	33	240	3.347	7,6	
141	-74,92 MLWS	76,25	33	240	3.380	7,6	
142	-75,17 MLWS	76,50	32	240	3.412	7,8	
143	-75,42 MLWS	76,75	30	240	3.442	8,3	
144	-75,67 MLWS	77,00	34	240	3.476	7,4	
145	-75,92 MLWS	77,25	35	240	3.511	7,1	
