N°	Toe Level	Graduation	Blow_Count	Energy(kJ)	Cumulative_blow_Count	Penetration_per_blow(mm/blow)	comments
1	-32,57 MLWS	33,75					
2	-32,82 MLWS	34,00	2	13	2	125	
3	-33,07 MLWS	34,25	2	13	4	125	
4	-33,32 MLWS	34,50	2	13	6	125	
5	-33,57 MLWS	34,75	2	13	8	125	
6	-33,82 MLWS	35,00	2	13	10	125	
7	-34,07 MLWS	35,25	2	13	12	125	
8	-34,32 MLWS	35,50	2	13	14	125	
9	-34,57 MLWS	35,75	2	13	16	125	
10	-34,82 MLWS	36,00	3	13	19	83	
11	-35,07 MLWS	36,25	2	13	21	125	
12	-35,32 MLWS	36,50	3	13	24	83	
13	-35,57 MLWS	36,75	2	13	26	125	
14	-35,82 MLWS	37,00	2	13	28	125	
15	-36,07 MLWS	37,25	2	13	30	125	
16	-36,32 MLWS	37,50	3	13	33	83	
17	-36,57 MLWS	37,75	6	36	39	42	
18	-36,82 MLWS	38,00	7	13	46	36	
19	-37,07 MLWS	38,25	4	36	50	63	
20	-37,32 MLWS	38,50	5	36	55	50	
21	-37,57 MLWS	38,75	3	36	58	83	
22	-37,82 MLWS	39,00	3	36	61	83	
23	-38,07 MLWS	39,25	3	36	64	83	
24	-38,32 MLWS	39,50	5	36	69	50	
25	-38,57 MLWS	39,75	5	36	74	50	
26	-38,82 MLWS	40,00	4	36	78	63	
27	-39,07 MLWS	40,25	6	36	84	42	
28	-39,32 MLWS	40,50	3	72	87	83	
29	-39,57 MLWS	40,75	3	36	90	83	
30	-39,82 MLWS	41,00	3	72	93	83	
31	-40,07 MLWS	41,25	3	72	96	83	
32	-40,32 MLWS	41,50	3	72	99	83	
33	-40,57 MLWS	41,75	3	72	102	83	
34	-40,82 MLWS	42,00	3	72	105	83	
35	-41,07 MLWS	42,25	3	72	108	83	
36	-41,32 MLWS	42,50	7	36	115	36	
37	-41,57 MLWS	42,75	7	36	122	36	
38	-41,82 MLWS	43,00	5	36	127	50	
39	-42,07 MLWS	43,25	6	36	133	42	
40	-42,32 MLWS	43,50	5	36	138	50	
41	-42,57 MLWS	43,75	5	36	143	50	
42	-42,82 MLWS	44,00	6	36	149	42	
43	-43,07 MLWS	44,25	6	72	155	42	
44	-43,32 MLWS	44,50	3	72	158	83	
45	-43,57 MLWS	44,75	3	72	161	83	
46	-43,82 MLWS	45,00	3	72	164	83	
47	-44,07 MLWS	45,25	3	72	167	83	
48	-44,32 MLWS	45,50	3	72	170	83	
49	-44,57 MLWS	45,75	4	72	174	63	
50	-44,82 MLWS	46,00	3	72	177	83	
51	-45,07 MLWS	46,25	3	72	180	83,3	
52	-45,32 MLWS	46,50	3	72	183	83,3	
53	-45,57 MLWS	46,75	3	72	186	83,3	
54	-45,82 MLWS	47,00	3	72	189	83,3	
55	-46,07 MLWS	47,25	3	72	192	83,3	
56	-46,32 MLWS	47,50	3	72	195	83,3	
57	-46,57 MLWS	47,75	3	72	198	83,3	
58	-46,82 MLWS	48,00	3	72	201	83,3	
59	-47,07 MLWS	48,25	3	72	204	83,3	
60	-47,32 MLWS	48,50	3	72	207	83,3	
61	-47,57 MLWS	48,75	3	72	210	83,3	
62	-47,82 MLWS	49,00	4	72	214	62,5	
63	-48,07 MLWS	49,25	3	72	217	83,3	
64	-48,32 MLWS	49,50	3	72	220	83,3	
65	-48,57 MLWS	49,75	4	72	224	62,5	
66	-48,82 MLWS	50,00	3	72	227	83,3	
67	-49,07 MLWS	50,25	3	72	230	83,3	
68	-49,32 MLWS	50,50	3	72	233	83,3	
69	-49,57 MLWS	50,75	3	72	236	83,3	
70	-49,82 MLWS	51,00	3	72	239	83,3	
71	-50,07 MLWS	51,25	4	72	243	62,5	
72	-50,32 MLWS	51,50	4	72	247	62,5	
73	-50,57 MLWS	51,75	4	72	251	62,5	
74	-50,82 MLWS	52,00	4	72	255	62,5	
75	-51,07 MLWS	52,25	4	72	259	62,5	
76	-51,32 MLWS	52,50	4	72	263	62,5	
77	-51,57 MLWS	52,75	4	72	267	62,5	
78	-51,82 MLWS	53,00	4	72	271	62,5	
79	-52,07 MLWS	53,25	5	72	276	50,0	
80	-52,32 MLWS	53,50	6	72	282	41,7	
81	-52,57 MLWS	53,75	5	72	287	50,0	
82	-52,82 MLWS	54,00	5	72	292	50,0	
83	-53,07 MLWS	54,25	5	72	297	50,0	
84	-53,32 MLWS	54,50	6	72	303	41,7	
85	-53,57 MLWS	54,75	6	72	309	41,7	
86	-53,82 MLWS	55,00	7	72	316	35,7	
87	-54,07 MLWS	55,25	5	72	321	50,0	
88	-54,32 MLWS	55,50	6	72	327	41,7	
89	-54,57 MLWS	55,75	7	72	334	35,7	
90	-54,82 MLWS	56,00	7	72	341	35,7	
91	-55,07 MLWS	56,25	6	72	347	41,7	
92	-55,32 MLWS	56,50	7	72	354	35,7	
93	-55,57 MLWS	56,75	7	72	361	35,7	
94	-55,82 MLWS	57,00	8	72	369	31,3	
95	-56,07 MLWS	57,25	8	72	377	31,3	
96	-56,32 MLWS	57,50	7	72	384	35,7	
97	-56,57 MLWS	57,75	7	72	391	35,7	
98	-56,82 MLWS	58,00	8	72	399	31,3	
99	-57,07 MLWS	58,25	8	72	407	31,3	
100	-57,32 MLWS	58,50	8	72	415	31,3	
101	-57,57 MLWS	58,75	8	72	423	31,3	
102	-57,82 MLWS	59,00	8	72	431	31,3	
103	-58,07 MLWS	59,25	8	72	439	31,3	
104	-58,32 MLWS	59,50	8	72	447	31,3	
105	-58,57 MLWS	59,75	10	72	457	25,0	
106	-58,82 MLWS	60,00	10	72	467	25,0	
107	-59,07 MLWS	60,25	10	72	477	25,0	
108	-59,32 MLWS	60,50	10	72	487	25,0	
109	-59,57 MLWS	60,75	10	72	497	25,0	
110	-59,82 MLWS	61,00	10	72	507	25,0	
111	-60,07 MLWS	61,25	10	72	517	25,0	
112	-60,32 MLWS	61,50	10	72	527	25,0	
113	-60,57 MLWS	61,75	11	72	538	22,7	
114	-60,82 MLWS	62,00	11	72	549	22,7	
115	-61,07 MLWS	62,25	11	72	560	22,7	
116	-61,32 MLWS	62,50	12	72	572	20,8	
117	-61,57 MLWS	62,75	12	72	584	20,8	
118	-61,82 MLWS	63,00	13	72	597	19,2	
119	-62,07 MLWS	63,25	13	72	610	19,2	
120	-62,32 MLWS	63,50	12	72	622	20,8	
121	-62,57 MLWS	63,75	15	72	637	16,7	
122	-62,82 MLWS	64,00	91	72	728	2,7	
123	-63,07 MLWS	64,25	32	72	760	7,8	
124	-63,32 MLWS	64,50	29	72	789	8,6	
125	-63,57 MLWS	64,75	19	72	808	13,2	
126	-63,82 MLWS	65,00	21	72	829	11,9	
127	-64,07 MLWS	65,25	21	72	850	11,9	
128	-64,32 MLWS	65,50	23	72	873	10,9	
129	-64,57 MLWS	65,75	23	72	896	10,9	
130	-64,82 MLWS	66,00	25	72	921	10,0	
131	-65,07 MLWS	66,25	24	72	945	10,4	
132	-65,32 MLWS	66,50	25	72	970	10,0	
133	-65,57 MLWS	66,75	22	72	992	11,4	
134	-65,82 MLWS	67,00	24	72	1.016	10,4	
135	-66,07 MLWS	67,25	24	72	1.040	10,4	
136	-66,32 MLWS	67,50	26	72	1.066	9,6	
137	-66,57 MLWS	67,75	24	72	1.090	10,4	
138	-66,82 MLWS	68,00	26	72	1.116	9,6	
139	-67,07 MLWS	68,25	24	72	1.140	10,4	
140	-67,32 MLWS	68,50	27	72	1.167	9,3	
141	-67,57 MLWS	68,75	25	72	1.192	10,0	
142	-67,82 MLWS	69,00	26	72	1.218	9,6	
143	-68,07 MLWS	69,25	26	72	1.244	9,6	
144	-68,32 MLWS	69,50	18	91	1.262	13,9	
145	-68,57 MLWS	69,75	84	174	1.346	3,0	
146	-68,82 MLWS	70,00	86	75	1.432	2,9	
147	-69,07 MLWS	70,25	85	240	1.517	2,9	
148	-69,32 MLWS	70,50	77	240	1.594	3,2	
149	-69,57 MLWS	70,75	74	240	1.668	3,4	
150	-69,82 MLWS	71,00	72	240	1.740	3,5	
151	-70,07 MLWS	71,25	68	280	1.808	3,7	
152	-70,32 MLWS	71,50	69	280	1.877	3,6	
153	-70,57 MLWS	71,75	60	280	1.937	4,2	
154	-70,82 MLWS	72,00	50	280	1.987	5,0	
155	-71,07 MLWS	72,25	46	280	2.033	5,4	
156	-71,32 MLWS	72,50	55	280	2.088	4,5	
157	-71,57 MLWS	72,75	56	244	2.144	4,5	
158	-71,82 MLWS	73,00	55	244	2.199	4,5	
159	-72,07 MLWS	73,25	56	244	2.255	4,5	
160	-72,32 MLWS	73,50	55	244	2.310	4,5	
161	-72,57 MLWS	73,75	55	244	2.365	4,5	
162	-72,82 MLWS	74,00	55	244	2.420	4,5	
163	-73,07 MLWS	74,25	55	244	2.475	4,5	
164	-73,32 MLWS	74,50	55	260	2.530	4,5	
165	-73,57 MLWS	74,75	55	260	2.585	4,5	
166	-73,82 MLWS	75,00	56	260	2.641	4,5	
167	-74,07 MLWS	75,25	60	260	2.701	4,2	
168	-74,32 MLWS	75,50	61	260	2.762	4,1	
169	-74,57 MLWS	75,75	70	260	2.832	3,6	
170	-74,82 MLWS	76,00	33	260	2.865	7,6	
171	-75,07 MLWS	76,25	2.865	-			
172	-75,32 MLWS	76,50	2.865	-			
173	-75,57 MLWS	76,75	2.865	-			
174	-75,82 MLWS	77,00	2.865	-			
175	-76,07 MLWS	77,25	2.865	-			
176	-76,32 MLWS	77,50	2.865	-			
177	-76,57 MLWS	77,75	2.865	-			
178	-76,82 MLWS	78,00	2.865	-			
179	-77,07 MLWS	78,25	2.865	-			
180	-77,32 MLWS	78,50	2.865	-			
181	-77,57 MLWS	78,75	2.865	-			
182	-77,82 MLWS	79,00	2.865	-			
183	-78,07 MLWS	79,25	2.865	-			
184	-78,32 MLWS	79,50	2.865	-			
185	-78,57 MLWS	79,75	2.865	-			
186	-78,82 MLWS	80,00	2.865	-			
187	-79,07 MLWS	80,25	2.865	-			
188	-79,32 MLWS	80,50	2.865	-			
189	-79,57 MLWS	80,75	2.865	-			
190	-79,82 MLWS	81,00	2.865	-			
191	-80,07 MLWS	81,25	2.865	-			
192	-80,32 MLWS	81,50	2.865	-			
193	-80,57 MLWS	81,75	2.865	-			
194	-80,82 MLWS	82,00	2.865	-			
195	-81,07 MLWS	82,25	2.865	-			
196	-81,32 MLWS	82,50	2.865	-			
197	-81,57 MLWS	82,75	2.865	-			
198	-81,82 MLWS	83,00	2.865	-			
199	-82,07 MLWS	83,25	2.865	-			
200	-82,32 MLWS	83,50	2.865	-			
