N°	Toe Level	Graduation	Blow_Count	Energy(kJ)	Cumulative_blow_Count	Penetration_per_blow(mm/blow)	comments
1	-39,78 MLWS	40,75					
2	-40,03 MLWS	41,00	8	36	8	31	
3	-40,28 MLWS	41,25	8	36	16	31	
4	-40,53 MLWS	41,50	8	36	24	31	
5	-40,78 MLWS	41,75	8	36	32	31	
6	-41,03 MLWS	42,00	8	36	40	31	
7	-41,28 MLWS	42,25	8	36	48	31	
8	-41,53 MLWS	42,50	7	36	55	36	
9	-41,78 MLWS	42,75	8	36	63	31	
10	-42,03 MLWS	43,00	7	36	70	36	
11	-42,28 MLWS	43,25	8	36	78	31	
12	-42,53 MLWS	43,50	8	36	86	31	
13	-42,78 MLWS	43,75	8	36	94	31	
14	-43,03 MLWS	44,00	8	36	102	31	
15	-43,28 MLWS	44,25	8	36	110	31	
16	-43,53 MLWS	44,50	8	36	118	31	
17	-43,78 MLWS	44,75	8	36	126	31	
18	-44,03 MLWS	45,00	8	36	134	31	
19	-44,28 MLWS	45,25	10	36	144	25	
20	-44,53 MLWS	45,50	10	36	154	25	
21	-44,78 MLWS	45,75	9	36	163	28	
22	-45,03 MLWS	46,00	10	36	173	25	
23	-45,28 MLWS	46,25	10	36	183	25	
24	-45,53 MLWS	46,50	10	36	193	25	
25	-45,78 MLWS	46,75	12	36	205	21	
26	-46,03 MLWS	47,00	12	36	217	21	
27	-46,28 MLWS	47,25	12	36	229	21	
28	-46,53 MLWS	47,50	14	36	243	18	
29	-46,78 MLWS	47,75	14	36	257	18	
30	-47,03 MLWS	48,00	15	36	272	17	
31	-47,28 MLWS	48,25	14	36	286	18	
32	-47,53 MLWS	48,50	15	36	301	17	
33	-47,78 MLWS	48,75	16	36	317	16	
34	-48,03 MLWS	49,00	18	36	335	14	
35	-48,28 MLWS	49,25	18	36	353	14	
36	-48,53 MLWS	49,50	18	36	371	14	
37	-48,78 MLWS	49,75	18	36	389	14	
38	-49,03 MLWS	50,00	18	36	407	14	
39	-49,28 MLWS	50,25	20	36	427	13	
40	-49,53 MLWS	50,50	20	36	447	13	
41	-49,78 MLWS	50,75	20	36	467	13	
42	-50,03 MLWS	51,00	22	36	489	11	
43	-50,28 MLWS	51,25	22	36	511	11	
44	-50,53 MLWS	51,50	24	36	535	10	
45	-50,78 MLWS	51,75	24	36	559	10	
46	-51,03 MLWS	52,00	27	36	586	9	
47	-51,28 MLWS	52,25	27	36	613	9	
48	-51,53 MLWS	52,50	26	40	639	10	
49	-51,78 MLWS	52,75	24	50	663	10	
50	-52,03 MLWS	53,00	22	50	685	11	
51	-52,28 MLWS	53,25	22	50	707	11,4	
52	-52,53 MLWS	53,50	22	50	729	11,4	
53	-52,78 MLWS	53,75	22	72	751	11,4	
54	-53,03 MLWS	54,00	22	72	773	11,4	
55	-53,28 MLWS	54,25	22	72	795	11,4	
56	-53,53 MLWS	54,50	22	72	817	11,4	
57	-53,78 MLWS	54,75	22	72	839	11,4	
58	-54,03 MLWS	55,00	20	72	859	12,5	
59	-54,28 MLWS	55,25	20	72	879	12,5	
60	-54,53 MLWS	55,50	20	72	899	12,5	
61	-54,78 MLWS	55,75	20	72	919	12,5	
62	-55,03 MLWS	56,00	20	85	939	12,5	
63	-55,28 MLWS	56,25	20	85	959	12,5	
64	-55,53 MLWS	56,50	22	85	981	11,4	
65	-55,78 MLWS	56,75	20	90	1.001	12,5	
66	-56,03 MLWS	57,00	22	90	1.023	11,4	
67	-56,28 MLWS	57,25	22	90	1.045	11,4	
68	-56,53 MLWS	57,50	27	90	1.072	9,3	
69	-56,78 MLWS	57,75	27	90	1.099	9,3	
70	-57,03 MLWS	58,00	27	90	1.126	9,3	
71	-57,28 MLWS	58,25	27	90	1.153	9,3	
72	-57,53 MLWS	58,50	27	90	1.180	9,3	
73	-57,78 MLWS	58,75	26	90	1.206	9,6	
74	-58,03 MLWS	59,00	24	100	1.230	10,4	
75	-58,28 MLWS	59,25	24	100	1.254	10,4	
76	-58,53 MLWS	59,50	26	100	1.280	9,6	
77	-58,78 MLWS	59,75	27	110	1.307	9,3	
78	-59,03 MLWS	60,00	26	110	1.333	9,6	
79	-59,28 MLWS	60,25	26	110	1.359	9,6	
80	-59,53 MLWS	60,50	26	120	1.385	9,6	
81	-59,78 MLWS	60,75	24	120	1.409	10,4	
82	-60,03 MLWS	61,00	24	120	1.433	10,4	
83	-60,28 MLWS	61,25	27	120	1.460	9,3	
84	-60,53 MLWS	61,50	27	120	1.487	9,3	
85	-60,78 MLWS	61,75	27	120	1.514	9,3	
86	-61,03 MLWS	62,00	29	120	1.543	8,6	
87	-61,28 MLWS	62,25	29	135	1.572	8,6	
88	-61,53 MLWS	62,50	27	135	1.599	9,3	
89	-61,78 MLWS	62,75	27	135	1.626	9,3	
90	-62,03 MLWS	63,00	27	145	1.653	9,3	
91	-62,28 MLWS	63,25	28	145	1.681	8,9	
92	-62,53 MLWS	63,50	28	145	1.709	8,9	
93	-62,78 MLWS	63,75	32	165	1.741	7,8	
94	-63,03 MLWS	64,00	26	165	1.767	9,6	
95	-63,28 MLWS	64,25	28	165	1.795	8,9	
96	-63,53 MLWS	64,50	28	165	1.823	8,9	
97	-63,78 MLWS	64,75	28	165	1.851	8,9	
98	-64,03 MLWS	65,00	28	165	1.879	8,9	
99	-64,28 MLWS	65,25	30	165	1.909	8,3	
100	-64,53 MLWS	65,50	30	165	1.939	8,3	
101	-64,78 MLWS	65,75	32	165	1.971	7,8	
102	-65,03 MLWS	66,00	30	170	2.001	8,3	
103	-65,28 MLWS	66,25	30	180	2.031	8,3	
104	-65,53 MLWS	66,50	30	180	2.061	8,3	
105	-65,78 MLWS	66,75	30	180	2.091	8,3	
106	-66,03 MLWS	67,00	28	190	2.119	8,9	
107	-66,28 MLWS	67,25	28	190	2.147	8,9	
108	-66,53 MLWS	67,50	28	190	2.175	8,9	
109	-66,78 MLWS	67,75	28	190	2.203	8,9	
110	-67,03 MLWS	68,00	28	200	2.231	8,9	
111	-67,28 MLWS	68,25	28	200	2.259	8,9	
112	-67,53 MLWS	68,50	24	200	2.283	10,4	
113	-67,78 MLWS	68,75	24	200	2.307	10,4	
114	-68,03 MLWS	69,00	24	200	2.331	10,4	
115	-68,28 MLWS	69,25	24	210	2.355	10,4	
116	-68,53 MLWS	69,50	24	210	2.379	10,4	
117	-68,78 MLWS	69,75	27	210	2.406	9,3	
118	-69,03 MLWS	70,00	25	210	2.431	10,0	
119	-69,28 MLWS	70,25	25	210	2.456	10,0	
120	-69,53 MLWS	70,50	26	220	2.482	9,6	
121	-69,78 MLWS	70,75	26	220	2.508	9,6	
122	-70,03 MLWS	71,00	27	220	2.535	9,3	
123	-70,28 MLWS	71,25	27	220	2.562	9,3	
124	-70,53 MLWS	71,50	26	235	2.588	9,6	
125	-70,78 MLWS	71,75	30	235	2.618	8,3	
126	-71,03 MLWS	72,00	30	245	2.648	8,3	
127	-71,28 MLWS	72,25	30	245	2.678	8,3	
128	-71,53 MLWS	72,50	30	245	2.708	8,3	
129	-71,78 MLWS	72,75	30	245	2.738	8,3	
130	-72,03 MLWS	73,00	30	250	2.768	8,3	
131	-72,28 MLWS	73,25	30	250	2.798	8,3	
132	-72,53 MLWS	73,50	28	250	2.826	8,9	
133	-72,78 MLWS	73,75	28	250	2.854	8,9	
134	-73,03 MLWS	74,00	28	240	2.882	8,9	
135	-73,28 MLWS	74,25	32	240	2.914	7,8	
136	-73,53 MLWS	74,50	32	240	2.946	7,8	
137	-73,78 MLWS	74,75	32	240	2.978	7,8	
138	-74,03 MLWS	75,00	32	240	3.010	7,8	
139	-74,28 MLWS	75,25	33	240	3.043	7,6	
140	-74,53 MLWS	75,50	36	240	3.079	6,9	
141	-74,78 MLWS	75,75	36	240	3.115	6,9	
142	-75,03 MLWS	76,00	36	240	3.151	6,9	
143	-75,28 MLWS	76,25	36	220	3.187	6,9	
144	-75,53 MLWS	76,50	36	220	3.223	6,9	
145	-75,78 MLWS	76,75	37	220	3.260	6,8	
146	-76,03 MLWS	77,00	38	220	3.298	6,6	
147	-76,28 MLWS	77,25	38	220	3.336	6,6	
148	-76,53 MLWS	77,50	40	220	3.376	6,3	
149	-76,78 MLWS	77,75	38	220	3.414	6,6	
150	-77,03 MLWS	78,00	38	220	3.452	6,6	
151	-77,28 MLWS	78,25	20	220	3.472	12,5	
