N°	Toe Level	Graduation	Blow_Count	Energy(kJ)	Cumulative_blow_Count	Penetration_per_blow(mm/blow)	comments
1	-37,54 MLWS	38,75					
2	-37,79 MLWS	39,00	4	36	4	63	
3	-38,04 MLWS	39,25	8	36	12	31	
4	-38,29 MLWS	39,50	8	36	20	31	
5	-38,54 MLWS	39,75	8	36	28	31	
6	-38,79 MLWS	40,00	7	36	35	36	
7	-39,04 MLWS	40,25	7	36	42	36	
8	-39,29 MLWS	40,50	9	36	51	28	
9	-39,54 MLWS	40,75	9	36	60	28	
10	-39,79 MLWS	41,00	7	36	67	36	
11	-40,04 MLWS	41,25	7	36	74	36	
12	-40,29 MLWS	41,50	9	36	83	28	
13	-40,54 MLWS	41,75	8	36	91	31	
14	-40,79 MLWS	42,00	9	36	100	28	
15	-41,04 MLWS	42,25	9	36	109	28	
16	-41,29 MLWS	42,50	9	36	118	28	
17	-41,54 MLWS	42,75	8	36	126	31	
18	-41,79 MLWS	43,00	9	36	135	28	
19	-42,04 MLWS	43,25	10	36	145	25	
20	-42,29 MLWS	43,50	9	36	154	28	
21	-42,54 MLWS	43,75	9	36	163	28	
22	-42,79 MLWS	44,00	10	36	173	25	
23	-43,04 MLWS	44,25	12	36	185	21	
24	-43,29 MLWS	44,50	11	36	196	23	
25	-43,54 MLWS	44,75	11	36	207	23	
26	-43,79 MLWS	45,00	10	36	217	25	
27	-44,04 MLWS	45,25	11	36	228	23	
28	-44,29 MLWS	45,50	11	36	239	23	
29	-44,54 MLWS	45,75	11	36	250	23	
30	-44,79 MLWS	46,00	12	36	262	21	
31	-45,04 MLWS	46,25	12	36	274	21	
32	-45,29 MLWS	46,50	13	36	287	19	
33	-45,54 MLWS	46,75	17	36	304	15	
34	-45,79 MLWS	47,00	14	36	318	18	
35	-46,04 MLWS	47,25	14	36	332	18	
36	-46,29 MLWS	47,50	14	36	346	18	
37	-46,54 MLWS	47,75	16	36	362	16	
38	-46,79 MLWS	48,00	16	36	378	16	
39	-47,04 MLWS	48,25	18	36	396	14	
40	-47,29 MLWS	48,50	18	36	414	14	
41	-47,54 MLWS	48,75	19	36	433	13	
42	-47,79 MLWS	49,00	18	36	451	14	
43	-48,04 MLWS	49,25	19	36	470	13	
44	-48,29 MLWS	49,50	19	36	489	13	
45	-48,54 MLWS	49,75	19	36	508	13	
46	-48,79 MLWS	50,00	19	36	527	13	
47	-49,04 MLWS	50,25	22	36	549	11	
48	-49,29 MLWS	50,50	22	36	571	11	
49	-49,54 MLWS	50,75	22	36	593	11	
50	-49,79 MLWS	51,00	22	36	615	11	
51	-50,04 MLWS	51,25	24	36	639	10,4	
52	-50,29 MLWS	51,50	23	36	662	10,9	
53	-50,54 MLWS	51,75	26	36	688	9,6	
54	-50,79 MLWS	52,00	26	36	714	9,6	
55	-51,04 MLWS	52,25	27	36	741	9,3	
56	-51,29 MLWS	52,50	26	36	767	9,6	
57	-51,54 MLWS	52,75	31	36	798	8,1	
58	-51,79 MLWS	53,00	28	36	826	8,9	
59	-52,04 MLWS	53,25	29	36	855	8,6	
60	-52,29 MLWS	53,50	26	42	881	9,6	
61	-52,54 MLWS	53,75	23	42	904	10,9	
62	-52,79 MLWS	54,00	25	42	929	10,0	
63	-53,04 MLWS	54,25	24	42	953	10,4	
64	-53,29 MLWS	54,50	24	42	977	10,4	
65	-53,54 MLWS	54,75	24	42	1.001	10,4	
66	-53,79 MLWS	55,00	23	50	1.024	10,9	
67	-54,04 MLWS	55,25	23	59	1.047	10,9	
68	-54,29 MLWS	55,50	24	59	1.071	10,4	
69	-54,54 MLWS	55,75	24	59	1.095	10,4	
70	-54,79 MLWS	56,00	24	60	1.119	10,4	
71	-55,04 MLWS	56,25	24	65	1.143	10,4	
72	-55,29 MLWS	56,50	25	65	1.168	10,0	
73	-55,54 MLWS	56,75	27	65	1.195	9,3	
74	-55,79 MLWS	57,00	26	65	1.221	9,6	
75	-56,04 MLWS	57,25	24	65	1.245	10,4	
76	-56,29 MLWS	57,50	26	65	1.271	9,6	
77	-56,54 MLWS	57,75	28	72	1.299	8,9	
78	-56,79 MLWS	58,00	27	80	1.326	9,3	
79	-57,04 MLWS	58,25	25	90	1.351	10,0	
80	-57,29 MLWS	58,50	22	100	1.373	11,4	
81	-57,54 MLWS	58,75	26	100	1.399	9,6	
82	-57,79 MLWS	59,00	25	110	1.424	10,0	
83	-58,04 MLWS	59,25	22	110	1.446	11,4	
84	-58,29 MLWS	59,50	24	110	1.470	10,4	
85	-58,54 MLWS	59,75	27	110	1.497	9,3	
86	-58,79 MLWS	60,00	23	110	1.520	10,9	
87	-59,04 MLWS	60,25	25	120	1.545	10,0	
88	-59,29 MLWS	60,50	25	130	1.570	10,0	
89	-59,54 MLWS	60,75	24	130	1.594	10,4	
90	-59,79 MLWS	61,00	22	130	1.616	11,4	
91	-60,04 MLWS	61,25	22	130	1.638	11,4	
92	-60,29 MLWS	61,50	20	130	1.658	12,5	
93	-60,54 MLWS	61,75	20	130	1.678	12,5	
94	-60,79 MLWS	62,00	20	130	1.698	12,5	
95	-61,04 MLWS	62,25	20	130	1.718	12,5	
96	-61,29 MLWS	62,50	20	130	1.738	12,5	
97	-61,54 MLWS	62,75	23	130	1.761	10,9	
98	-61,79 MLWS	63,00	23	130	1.784	10,9	
99	-62,04 MLWS	63,25	20	120	1.804	12,5	
100	-62,29 MLWS	63,50	23	120	1.827	10,9	
101	-62,54 MLWS	63,75	25	120	1.852	10,0	
102	-62,79 MLWS	64,00	26	120	1.878	9,6	
103	-63,04 MLWS	64,25	27	130	1.905	9,3	
104	-63,29 MLWS	64,50	26	130	1.931	9,6	
105	-63,54 MLWS	64,75	26	130	1.957	9,6	
106	-63,79 MLWS	65,00	26	130	1.983	9,6	
107	-64,04 MLWS	65,25	25	135	2.008	10,0	
108	-64,29 MLWS	65,50	27	140	2.035	9,3	
109	-64,54 MLWS	65,75	27	145	2.062	9,3	
110	-64,79 MLWS	66,00	25	145	2.087	10,0	
111	-65,04 MLWS	66,25	27	150	2.114	9,3	
112	-65,29 MLWS	66,50	25	155	2.139	10,0	
113	-65,54 MLWS	66,75	25	155	2.164	10,0	
114	-65,79 MLWS	67,00	25	155	2.189	10,0	
115	-66,04 MLWS	67,25	25	160	2.214	10,0	
116	-66,29 MLWS	67,50	25	165	2.239	10,0	
117	-66,54 MLWS	67,75	24	170	2.263	10,4	
118	-66,79 MLWS	68,00	27	170	2.290	9,3	
119	-67,04 MLWS	68,25	27	175	2.317	9,3	
120	-67,29 MLWS	68,50	26	180	2.343	9,6	
121	-67,54 MLWS	68,75	28	180	2.371	8,9	
122	-67,79 MLWS	69,00	24	185	2.395	10,4	
123	-68,04 MLWS	69,25	24	190	2.419	10,4	
124	-68,29 MLWS	69,50	26	190	2.445	9,6	
125	-68,54 MLWS	69,75	24	190	2.469	10,4	
126	-68,79 MLWS	70,00	24	190	2.493	10,4	
127	-69,04 MLWS	70,25	24	190	2.517	10,4	
128	-69,29 MLWS	70,50	24	195	2.541	10,4	
129	-69,54 MLWS	70,75	24	195	2.565	10,4	
130	-69,79 MLWS	71,00	24	195	2.589	10,4	
131	-70,04 MLWS	71,25	24	200	2.613	10,4	
132	-70,29 MLWS	71,50	24	200	2.637	10,4	
133	-70,54 MLWS	71,75	26	200	2.663	9,6	
134	-70,79 MLWS	72,00	26	210	2.689	9,6	
135	-71,04 MLWS	72,25	25	215	2.714	10,0	
136	-71,29 MLWS	72,50	26	215	2.740	9,6	
137	-71,54 MLWS	72,75	26	220	2.766	9,6	
138	-71,79 MLWS	73,00	28	220	2.794	8,9	
139	-72,04 MLWS	73,25	31	220	2.825	8,1	
140	-72,29 MLWS	73,50	31	220	2.856	8,1	
141	-72,54 MLWS	73,75	27	220	2.883	9,3	
142	-72,79 MLWS	74,00	31	220	2.914	8,1	
