N°	Toe Level	Graduation	Blow_Count	Energy(kJ)	Cumulative_blow_Count	Penetration_per_blow(mm/blow)	comments
1	-39,54 MLWS	41,00					
2	-39,79 MLWS	41,25	25	36	25	10	
3	-40,04 MLWS	41,50	23	36	48	11	
4	-40,29 MLWS	41,75	21	36	69	12	
5	-40,54 MLWS	42,00	21	36	90	12	
6	-40,79 MLWS	42,25	17	36	107	15	
7	-41,04 MLWS	42,50	18	36	125	14	
8	-41,29 MLWS	42,75	18	40	143	14	
9	-41,54 MLWS	43,00	18	40	161	14	
10	-41,79 MLWS	43,25	16	40	177	16	
11	-42,04 MLWS	43,50	16	40	193	16	
12	-42,29 MLWS	43,75	19	40	212	13	
13	-42,54 MLWS	44,00	20	40	232	13	
14	-42,79 MLWS	44,25	19	40	251	13	
15	-43,04 MLWS	44,50	18	40	269	14	
16	-43,29 MLWS	44,75	18	40	287	14	
17	-43,54 MLWS	45,00	16	40	303	16	
18	-43,79 MLWS	45,25	16	40	319	16	
19	-44,04 MLWS	45,50	16	40	335	16	
20	-44,29 MLWS	45,75	18	40	353	14	
21	-44,54 MLWS	46,00	18	40	371	14	
22	-44,79 MLWS	46,25	18	40	389	14	
23	-45,04 MLWS	46,50	19	40	408	13	
24	-45,29 MLWS	46,75	19	40	427	13	
25	-45,54 MLWS	47,00	19	40	446	13	
26	-45,79 MLWS	47,25	20	40	466	13	
27	-46,04 MLWS	47,50	20	40	486	13	
28	-46,29 MLWS	47,75	22	40	508	11	
29	-46,54 MLWS	48,00	22	40	530	11	
30	-46,79 MLWS	48,25	22	40	552	11	
31	-47,04 MLWS	48,50	22	40	574	11	
32	-47,29 MLWS	48,75	22	40	596	11	
33	-47,54 MLWS	49,00	22	40	618	11	
34	-47,79 MLWS	49,25	22	40	640	11	
35	-48,04 MLWS	49,50	23	40	663	11	
36	-48,29 MLWS	49,75	24	40	687	10	
37	-48,54 MLWS	50,00	24	40	711	10	
38	-48,79 MLWS	50,25	24	40	735	10	
39	-49,04 MLWS	50,50	24	40	759	10	
40	-49,29 MLWS	50,75	24	40	783	10	
41	-49,54 MLWS	51,00	24	40	807	10	
42	-49,79 MLWS	51,25	28	40	835	9	
43	-50,04 MLWS	51,50	25	36	860	10	
44	-50,29 MLWS	51,75	25	36	885	10	
45	-50,54 MLWS	52,00	25	36	910	10	
46	-50,79 MLWS	52,25	25	36	935	10	
47	-51,04 MLWS	52,50	29	36	964	9	
48	-51,29 MLWS	52,75	28	36	992	9	
49	-51,54 MLWS	53,00	31	36	1.023	8	
50	-51,79 MLWS	53,25	31	36	1.054	8	
51	-52,04 MLWS	53,50	31	36	1.085	8,1	
52	-52,29 MLWS	53,75	33	40	1.118	7,6	
53	-52,54 MLWS	54,00	31	40	1.149	8,1	
54	-52,79 MLWS	54,25	29	40	1.178	8,6	
55	-53,04 MLWS	54,50	27	50	1.205	9,3	
56	-53,29 MLWS	54,75	27	50	1.232	9,3	
57	-53,54 MLWS	55,00	27	59	1.259	9,3	
58	-53,79 MLWS	55,25	25	59	1.284	10,0	
59	-54,04 MLWS	55,50	26	60	1.310	9,6	
60	-54,29 MLWS	55,75	28	60	1.338	8,9	
61	-54,54 MLWS	56,00	26	60	1.364	9,6	
62	-54,79 MLWS	56,25	26	60	1.390	9,6	
63	-55,04 MLWS	56,50	26	64	1.416	9,6	
64	-55,29 MLWS	56,75	27	64	1.443	9,3	
65	-55,54 MLWS	57,00	27	64	1.470	9,3	
66	-55,79 MLWS	57,25	27	64	1.497	9,3	
67	-56,04 MLWS	57,50	27	64	1.524	9,3	
68	-56,29 MLWS	57,75	27	64	1.551	9,3	
69	-56,54 MLWS	58,00	28	64	1.579	8,9	
70	-56,79 MLWS	58,25	28	64	1.607	8,9	
71	-57,04 MLWS	58,50	28	64	1.635	8,9	
72	-57,29 MLWS	58,75	22	95	1.657	11,4	
73	-57,54 MLWS	59,00	22	95	1.679	11,4	
74	-57,79 MLWS	59,25	19	95	1.698	13,2	
75	-58,04 MLWS	59,50	22	100	1.720	11,4	
76	-58,29 MLWS	59,75	22	100	1.742	11,4	
77	-58,54 MLWS	60,00	25	100	1.767	10,0	
78	-58,79 MLWS	60,25	29	100	1.796	8,6	
79	-59,04 MLWS	60,50	29	100	1.825	8,6	
80	-59,29 MLWS	60,75	32	100	1.857	7,8	
81	-59,54 MLWS	61,00	30	130	1.887	8,3	
82	-59,79 MLWS	61,25	28	130	1.915	8,9	
83	-60,04 MLWS	61,50	25	140	1.940	10,0	
84	-60,29 MLWS	61,75	22	140	1.962	11,4	
85	-60,54 MLWS	62,00	22	140	1.984	11,4	
86	-60,79 MLWS	62,25	22	140	2.006	11,4	
87	-61,04 MLWS	62,50	22	140	2.028	11,4	
88	-61,29 MLWS	62,75	22	140	2.050	11,4	
89	-61,54 MLWS	63,00	23	140	2.073	10,9	
90	-61,79 MLWS	63,25	23	140	2.096	10,9	
91	-62,04 MLWS	63,50	20	140	2.116	12,5	
92	-62,29 MLWS	63,75	20	140	2.136	12,5	
93	-62,54 MLWS	64,00	20	140	2.156	12,5	
94	-62,79 MLWS	64,25	21	140	2.177	11,9	
95	-63,04 MLWS	64,50	22	140	2.199	11,4	
96	-63,29 MLWS	64,75	29	140	2.228	8,6	
97	-63,54 MLWS	65,00	24	140	2.252	10,4	
98	-63,79 MLWS	65,25	26	140	2.278	9,6	
99	-64,04 MLWS	65,50	26	140	2.304	9,6	
100	-64,29 MLWS	65,75	24	140	2.328	10,4	
101	-64,54 MLWS	66,00	22	150	2.350	11,4	
102	-64,79 MLWS	66,25	24	160	2.374	10,4	
103	-65,04 MLWS	66,50	26	160	2.400	9,6	
104	-65,29 MLWS	66,75	24	160	2.424	10,4	
105	-65,54 MLWS	67,00	24	160	2.448	10,4	
106	-65,79 MLWS	67,25	23	160	2.471	10,9	
107	-66,04 MLWS	67,50	22	160	2.493	11,4	
108	-66,29 MLWS	67,75	24	160	2.517	10,4	
109	-66,54 MLWS	68,00	26	160	2.543	9,6	
110	-66,79 MLWS	68,25	22	170	2.565	11,4	
111	-67,04 MLWS	68,50	22	180	2.587	11,4	
112	-67,29 MLWS	68,75	24	180	2.611	10,4	
113	-67,54 MLWS	69,00	24	180	2.635	10,4	
114	-67,79 MLWS	69,25	26	180	2.661	9,6	
115	-68,04 MLWS	69,50	26	180	2.687	9,6	
116	-68,29 MLWS	69,75	26	180	2.713	9,6	
117	-68,54 MLWS	70,00	24	190	2.737	10,4	
118	-68,79 MLWS	70,25	24	190	2.761	10,4	
119	-69,04 MLWS	70,50	24	200	2.785	10,4	
120	-69,29 MLWS	70,75	24	200	2.809	10,4	
121	-69,54 MLWS	71,00	26	200	2.835	9,6	
122	-69,79 MLWS	71,25	26	200	2.861	9,6	
123	-70,04 MLWS	71,50	25	200	2.886	10,0	
124	-70,29 MLWS	71,75	24	200	2.910	10,4	
125	-70,54 MLWS	72,00	24	200	2.934	10,4	
126	-70,79 MLWS	72,25	24	200	2.958	10,4	
127	-71,04 MLWS	72,50	24	200	2.982	10,4	
128	-71,29 MLWS	72,75	25	200	3.007	10,0	
129	-71,54 MLWS	73,00	25	200	3.032	10,0	
130	-71,79 MLWS	73,25	33	200	3.065	7,6	
131	-72,04 MLWS	73,50	30	200	3.095	8,3	
132	-72,29 MLWS	73,75	31	200	3.126	8,1	
133	-72,54 MLWS	74,00	35	200	3.161	7,1	
134	-72,79 MLWS	74,25	32	200	3.193	7,8	
135	-73,04 MLWS	74,50	32	201	3.225	7,8	
