N°	Toe Level	Graduation	Blow_Count	Energy(kJ)	Cumulative_blow_Count	Penetration_per_blow(mm/blow)	comments
1	-29,41 MLWS	31,00					
2	-29,66 MLWS	31,25	4	36	4	63	
3	-29,91 MLWS	31,50	8	36	12	31	
4	-30,16 MLWS	31,75	8	36	20	31	
5	-30,41 MLWS	32,00	11	36	31	23	
6	-30,66 MLWS	32,25	10	36	41	25	
7	-30,91 MLWS	32,50	8	36	49	31	
8	-31,16 MLWS	32,75	8	36	57	31	
9	-31,41 MLWS	33,00	8	36	65	31	
10	-31,66 MLWS	33,25	8	36	73	31	
11	-31,91 MLWS	33,50	8	36	81	31	
12	-32,16 MLWS	33,75	8	36	89	31	
13	-32,41 MLWS	34,00	8	36	97	31	
14	-32,66 MLWS	34,25	8	36	105	31	
15	-32,91 MLWS	34,50	8	36	113	31	
16	-33,16 MLWS	34,75	8	36	121	31	
17	-33,41 MLWS	35,00	8	36	129	31	
18	-33,66 MLWS	35,25	8	36	137	31	
19	-33,91 MLWS	35,50	8	36	145	31	
20	-34,16 MLWS	35,75	8	36	153	31	
21	-34,41 MLWS	36,00	8	36	161	31	
22	-34,66 MLWS	36,25	8	36	169	31	
23	-34,91 MLWS	36,50	8	36	177	31	
24	-35,16 MLWS	36,75	8	36	185	31	
25	-35,41 MLWS	37,00	8	36	193	31	
26	-35,66 MLWS	37,25	8	36	201	31	
27	-35,91 MLWS	37,50	8	36	209	31	
28	-36,16 MLWS	37,75	8	36	217	31	
29	-36,41 MLWS	38,00	8	36	225	31	
30	-36,66 MLWS	38,25	8	36	233	31	
31	-36,91 MLWS	38,50	8	36	241	31	
32	-37,16 MLWS	38,75	8	36	249	31	
33	-37,41 MLWS	39,00	8	36	257	31	
34	-37,66 MLWS	39,25	8	36	265	31	
35	-37,91 MLWS	39,50	8	36	273	31	
36	-38,16 MLWS	39,75	8	36	281	31	
37	-38,41 MLWS	40,00	8	36	289	31	
38	-38,66 MLWS	40,25	8	36	297	31	
39	-38,91 MLWS	40,50	8	36	305	31	
40	-39,16 MLWS	40,75	8	36	313	31	
41	-39,41 MLWS	41,00	8	36	321	31	
42	-39,66 MLWS	41,25	8	36	329	31	
43	-39,91 MLWS	41,50	8	36	337	31	
44	-40,16 MLWS	41,75	8	36	345	31	
45	-40,41 MLWS	42,00	8	36	353	31	
46	-40,66 MLWS	42,25	8	36	361	31	
47	-40,91 MLWS	42,50	8	36	369	31	
48	-41,16 MLWS	42,75	8	36	377	31	
49	-41,41 MLWS	43,00	8	36	385	31	
50	-41,66 MLWS	43,25	8	36	393	31	
51	-41,91 MLWS	43,50	8	36	401	31,3	
52	-42,16 MLWS	43,75	8	36	409	31,3	
53	-42,41 MLWS	44,00	8	36	417	31,3	
54	-42,66 MLWS	44,25	8	36	425	31,3	
55	-42,91 MLWS	44,50	8	36	433	31,3	
56	-43,16 MLWS	44,75	9	36	442	27,8	
57	-43,41 MLWS	45,00	9	36	451	27,8	
58	-43,66 MLWS	45,25	9	36	460	27,8	
59	-43,91 MLWS	45,50	9	36	469	27,8	
60	-44,16 MLWS	45,75	10	36	479	25,0	
61	-44,41 MLWS	46,00	10	36	489	25,0	
62	-44,66 MLWS	46,25	10	36	499	25,0	
63	-44,91 MLWS	46,50	10	36	509	25,0	
64	-45,16 MLWS	46,75	10	36	519	25,0	
65	-45,41 MLWS	47,00	12	36	531	20,8	
66	-45,66 MLWS	47,25	12	36	543	20,8	
67	-45,91 MLWS	47,50	12	36	555	20,8	
68	-46,16 MLWS	47,75	12	36	567	20,8	
69	-46,41 MLWS	48,00	12	36	579	20,8	
70	-46,66 MLWS	48,25	14	36	593	17,9	
71	-46,91 MLWS	48,50	14	36	607	17,9	
72	-47,16 MLWS	48,75	14	36	621	17,9	
73	-47,41 MLWS	49,00	16	36	637	15,6	
74	-47,66 MLWS	49,25	16	36	653	15,6	
75	-47,91 MLWS	49,50	16	36	669	15,6	
76	-48,16 MLWS	49,75	16	36	685	15,6	
77	-48,41 MLWS	50,00	18	36	703	13,9	
78	-48,66 MLWS	50,25	18	36	721	13,9	
79	-48,91 MLWS	50,50	18	36	739	13,9	
80	-49,16 MLWS	50,75	18	36	757	13,9	
81	-49,41 MLWS	51,00	18	36	775	13,9	
82	-49,66 MLWS	51,25	18	36	793	13,9	
83	-49,91 MLWS	51,50	20	36	813	12,5	
84	-50,16 MLWS	51,75	20	36	833	12,5	
85	-50,41 MLWS	52,00	20	36	853	12,5	
86	-50,66 MLWS	52,25	22	36	875	11,4	
87	-50,91 MLWS	52,50	24	36	899	10,4	
88	-51,16 MLWS	52,75	28	90	927	8,9	
89	-51,41 MLWS	53,00	28	100	955	8,9	
90	-51,66 MLWS	53,25	24	100	979	10,4	
91	-51,91 MLWS	53,50	22	100	1.001	11,4	
92	-52,16 MLWS	53,75	22	100	1.023	11,4	
93	-52,41 MLWS	54,00	22	100	1.045	11,4	
94	-52,66 MLWS	54,25	22	100	1.067	11,4	
95	-52,91 MLWS	54,50	23	100	1.090	10,9	
96	-53,16 MLWS	54,75	21	100	1.111	11,9	
97	-53,41 MLWS	55,00	21	100	1.132	11,9	
98	-53,66 MLWS	55,25	21	100	1.153	11,9	
99	-53,91 MLWS	55,50	22	100	1.175	11,4	
100	-54,16 MLWS	55,75	22	100	1.197	11,4	
101	-54,41 MLWS	56,00	22	100	1.219	11,4	
102	-54,66 MLWS	56,25	22	100	1.241	11,4	
103	-54,91 MLWS	56,50	22	100	1.263	11,4	
104	-55,16 MLWS	56,75	22	100	1.285	11,4	
105	-55,41 MLWS	57,00	22	100	1.307	11,4	
106	-55,66 MLWS	57,25	22	100	1.329	11,4	
107	-55,91 MLWS	57,50	22	100	1.351	11,4	
108	-56,16 MLWS	57,75	22	100	1.373	11,4	
109	-56,41 MLWS	58,00	22	100	1.395	11,4	
110	-56,66 MLWS	58,25	23	100	1.418	10,9	
111	-56,91 MLWS	58,50	23	100	1.441	10,9	
112	-57,16 MLWS	58,75	23	100	1.464	10,9	
113	-57,41 MLWS	59,00	22	100	1.486	11,4	
114	-57,66 MLWS	59,25	22	100	1.508	11,4	
115	-57,91 MLWS	59,50	24	100	1.532	10,4	
116	-58,16 MLWS	59,75	26	110	1.558	9,6	
117	-58,41 MLWS	60,00	32	110	1.590	7,8	
118	-58,66 MLWS	60,25	30	130	1.620	8,3	
119	-58,91 MLWS	60,50	28	140	1.648	8,9	
120	-59,16 MLWS	60,75	28	140	1.676	8,9	
121	-59,41 MLWS	61,00	26	140	1.702	9,6	
122	-59,66 MLWS	61,25	28	140	1.730	8,9	
123	-59,91 MLWS	61,50	26	150	1.756	9,6	
124	-60,16 MLWS	61,75	26	150	1.782	9,6	
125	-60,41 MLWS	62,00	26	150	1.808	9,6	
126	-60,66 MLWS	62,25	26	160	1.834	9,6	
127	-60,91 MLWS	62,50	26	160	1.860	9,6	
128	-61,16 MLWS	62,75	26	160	1.886	9,6	
129	-61,41 MLWS	63,00	24	160	1.910	10,4	
130	-61,66 MLWS	63,25	24	160	1.934	10,4	
131	-61,91 MLWS	63,50	22	160	1.956	11,4	
132	-62,16 MLWS	63,75	22	160	1.978	11,4	
133	-62,41 MLWS	64,00	22	160	2.000	11,4	
134	-62,66 MLWS	64,25	2	160	2.002	125,0	
135	-62,91 MLWS	64,50	24	160	2.026	10,4	
136	-63,16 MLWS	64,75	24	160	2.050	10,4	
137	-63,41 MLWS	65,00	24	160	2.074	10,4	
138	-63,66 MLWS	65,25	24	160	2.098	10,4	
139	-63,91 MLWS	65,50	24	160	2.122	10,4	
140	-64,16 MLWS	65,75	24	155	2.146	10,4	
141	-64,41 MLWS	66,00	22	155	2.168	11,4	
142	-64,66 MLWS	66,25	23	155	2.191	10,9	
143	-64,91 MLWS	66,50	23	155	2.214	10,9	
144	-65,16 MLWS	66,75	23	155	2.237	10,9	
145	-65,41 MLWS	67,00	23	155	2.260	10,9	
146	-65,66 MLWS	67,25	23	155	2.283	10,9	
147	-65,91 MLWS	67,50	23	160	2.306	10,9	
148	-66,16 MLWS	67,75	24	160	2.330	10,4	
149	-66,41 MLWS	68,00	24	160	2.354	10,4	
150	-66,66 MLWS	68,25	24	160	2.378	10,4	
151	-66,91 MLWS	68,50	24	160	2.402	10,4	
152	-67,16 MLWS	68,75	24	160	2.426	10,4	
153	-67,41 MLWS	69,00	22	160	2.448	11,4	
154	-67,66 MLWS	69,25	25	160	2.473	10,0	
155	-67,91 MLWS	69,50	25	160	2.498	10,0	
156	-68,16 MLWS	69,75	25	160	2.523	10,0	
157	-68,41 MLWS	70,00	25	160	2.548	10,0	
158	-68,66 MLWS	70,25	25	160	2.573	10,0	
159	-68,91 MLWS	70,50	25	170	2.598	10,0	
160	-69,16 MLWS	70,75	22	170	2.620	11,4	
161	-69,41 MLWS	71,00	22	170	2.642	11,4	
162	-69,66 MLWS	71,25	22	170	2.664	11,4	
163	-69,91 MLWS	71,50	2	170	2.666	125,0	
164	-70,16 MLWS	71,75	23	170	2.689	10,9	
165	-70,41 MLWS	72,00	23	170	2.712	10,9	
166	-70,66 MLWS	72,25	23	175	2.735	10,9	
167	-70,91 MLWS	72,50	29	175	2.764	8,6	
168	-71,16 MLWS	72,75	29	175	2.793	8,6	
169	-71,41 MLWS	73,00	30	185	2.823	8,3	
170	-71,66 MLWS	73,25	32	185	2.855	7,8	
