N°	Toe Level	Graduation	Blow_Count	Energy(kJ)	Cumulative_blow_Count	Penetration_per_blow(mm/blow)	comments
1	-7,41 MLWS	10,25					
2	-7,66 MLWS	10,50	23	30	23	11	
3	-7,91 MLWS	10,75	15	30	38	17	
4	-8,16 MLWS	11,00	14	30	52	18	
5	-8,41 MLWS	11,25	11	30	63	23	
6	-8,66 MLWS	11,50	11	30	74	23	
7	-8,91 MLWS	11,75	11	30	85	23	
8	-9,16 MLWS	12,00	11	30	96	23	
9	-9,41 MLWS	12,25	12	30	108	21	
10	-9,66 MLWS	12,50	14	30	122	18	
11	-9,91 MLWS	12,75	20	30	142	13	
12	-10,16 MLWS	13,00	20	30	162	13	
13	-10,41 MLWS	13,25	20	30	182	13	
14	-10,66 MLWS	13,50	20	30	202	13	
15	-10,91 MLWS	13,75	19	30	221	13	
16	-11,16 MLWS	14,00	19	30	240	13	
17	-11,41 MLWS	14,25	20	30	260	13	
18	-11,66 MLWS	14,50	20	30	280	13	
19	-11,91 MLWS	14,75	20	30	300	13	
20	-12,16 MLWS	15,00	18	30	318	14	
21	-12,41 MLWS	15,25	16	30	334	16	
22	-12,66 MLWS	15,50	16	30	350	16	
23	-12,91 MLWS	15,75	16	30	366	16	
24	-13,16 MLWS	16,00	16	30	382	16	
25	-13,41 MLWS	16,25	16	30	398	16	
26	-13,66 MLWS	16,50	14	30	412	18	
27	-13,91 MLWS	16,75	14	30	426	18	
28	-14,16 MLWS	17,00	14	30	440	18	
29	-14,41 MLWS	17,25	14	30	454	18	
30	-14,66 MLWS	17,50	10	30	464	25	
31	-14,91 MLWS	17,75	11	30	475	23	
32	-15,16 MLWS	18,00	10	30	485	25	
33	-15,41 MLWS	18,25	10	30	495	25	
34	-15,66 MLWS	18,50	11	30	506	23	
35	-15,91 MLWS	18,75	11	30	517	23	
36	-16,16 MLWS	19,00	10	30	527	25	
37	-16,41 MLWS	19,25	11	30	538	23	
38	-16,66 MLWS	19,50	9	30	547	28	
39	-16,91 MLWS	19,75	9	30	556	28	
40	-17,16 MLWS	20,00	8	30	564	31	
41	-17,41 MLWS	20,25	9	30	573	28	
42	-17,66 MLWS	20,50	9	30	582	28	
43	-17,91 MLWS	20,75	10	30	592	25	
44	-18,16 MLWS	21,00	11	30	603	23	
45	-18,41 MLWS	21,25	9	30	612	28	
46	-18,66 MLWS	21,50	7	30	619	36	
47	-18,91 MLWS	21,75	8	30	627	31	
48	-19,16 MLWS	22,00	16	72	643	16	
49	-19,41 MLWS	22,25	17	72	660	15	
50	-19,66 MLWS	22,50	25	72	685	10	
51	-19,91 MLWS	22,75	24	72	709	10,4	
52	-20,16 MLWS	23,00	22	72	731	11,4	
53	-20,41 MLWS	23,25	23	72	754	10,9	
54	-20,66 MLWS	23,50	20	72	774	12,5	
55	-20,91 MLWS	23,75	22	72	796	11,4	
56	-21,16 MLWS	24,00	24	72	820	10,4	
57	-21,41 MLWS	24,25	18	72	838	13,9	
58	-21,66 MLWS	24,50	19	72	857	13,2	
59	-21,91 MLWS	24,75	18	72	875	13,9	
60	-22,16 MLWS	25,00	18	72	893	13,9	
61	-22,41 MLWS	25,25	17	72	910	14,7	
62	-22,66 MLWS	25,50	22	72	932	11,4	
63	-22,91 MLWS	25,75	17	72	949	14,7	
64	-23,16 MLWS	26,00	16	72	965	15,6	
65	-23,41 MLWS	26,25	15	72	980	16,7	
66	-23,66 MLWS	26,50	17	72	997	14,7	
67	-23,91 MLWS	26,75	15	72	1.012	16,7	
68	-24,16 MLWS	27,00	16	72	1.028	15,6	
69	-24,41 MLWS	27,25	16	72	1.044	15,6	
70	-24,66 MLWS	27,50	17	72	1.061	14,7	
71	-24,91 MLWS	27,75	15	72	1.076	16,7	
72	-25,16 MLWS	28,00	16	72	1.092	15,6	
73	-25,41 MLWS	28,25	15	72	1.107	16,7	
74	-25,66 MLWS	28,50	15	72	1.122	16,7	
75	-25,91 MLWS	28,75	16	72	1.138	15,6	
76	-26,16 MLWS	29,00	15	72	1.153	16,7	
77	-26,41 MLWS	29,25	16	72	1.169	15,6	
78	-26,66 MLWS	29,50	15	72	1.184	16,7	
79	-26,91 MLWS	29,75	16	72	1.200	15,6	
80	-27,16 MLWS	30,00	17	72	1.217	14,7	
81	-27,41 MLWS	30,25	17	72	1.234	14,7	
82	-27,66 MLWS	30,50	15	72	1.249	16,7	
83	-27,91 MLWS	30,75	16	72	1.265	15,6	
84	-28,16 MLWS	31,00	18	72	1.283	13,9	
85	-28,41 MLWS	31,25	16	72	1.299	15,6	
86	-28,66 MLWS	31,50	15	72	1.314	16,7	
87	-28,91 MLWS	31,75	16	72	1.330	15,6	
88	-29,16 MLWS	32,00	16	72	1.346	15,6	
89	-29,41 MLWS	32,25	17	72	1.363	14,7	
90	-29,66 MLWS	32,50	16	72	1.379	15,6	
91	-29,91 MLWS	32,75	17	72	1.396	14,7	
92	-30,16 MLWS	33,00	16	72	1.412	15,6	
93	-30,41 MLWS	33,25	18	72	1.430	13,9	
94	-30,66 MLWS	33,50	16	72	1.446	15,6	
95	-30,91 MLWS	33,75	18	72	1.464	13,9	
96	-31,16 MLWS	34,00	17	72	1.481	14,7	
97	-31,41 MLWS	34,25	16	72	1.497	15,6	
98	-31,66 MLWS	34,50	16	72	1.513	15,6	
99	-31,91 MLWS	34,75	17	72	1.530	14,7	
100	-32,16 MLWS	35,00	20	72	1.550	12,5	
101	-32,41 MLWS	35,25	18	72	1.568	13,9	
102	-32,66 MLWS	35,50	20	72	1.588	12,5	
103	-32,91 MLWS	35,75	20	72	1.608	12,5	
104	-33,16 MLWS	36,00	20	72	1.628	12,5	
105	-33,41 MLWS	36,25	19	72	1.647	13,2	
106	-33,66 MLWS	36,50	18	72	1.665	13,9	
107	-33,91 MLWS	36,75	18	72	1.683	13,9	
108	-34,16 MLWS	37,00	19	72	1.702	13,2	
109	-34,41 MLWS	37,25	20	72	1.722	12,5	
110	-34,66 MLWS	37,50	19	72	1.741	13,2	
111	-34,91 MLWS	37,75	19	72	1.760	13,2	
112	-35,16 MLWS	38,00	20	72	1.780	12,5	
113	-35,41 MLWS	38,25	20	72	1.800	12,5	
114	-35,66 MLWS	38,50	21	72	1.821	11,9	
115	-35,91 MLWS	38,75	17	72	1.838	14,7	
116	-36,16 MLWS	39,00	17	72	1.855	14,7	
117	-36,41 MLWS	39,25	18	72	1.873	13,9	
118	-36,66 MLWS	39,50	20	72	1.893	12,5	
119	-36,91 MLWS	39,75	20	72	1.913	12,5	
120	-37,16 MLWS	40,00	21	72	1.934	11,9	
121	-37,41 MLWS	40,25	22	72	1.956	11,4	
122	-37,66 MLWS	40,50	22	72	1.978	11,4	
123	-37,91 MLWS	40,75	20	72	1.998	12,5	
124	-38,16 MLWS	41,00	20	72	2.018	12,5	
125	-38,41 MLWS	41,25	20	72	2.038	12,5	
126	-38,66 MLWS	41,50	19	72	2.057	13,2	
127	-38,91 MLWS	41,75	20	72	2.077	12,5	
128	-39,16 MLWS	42,00	21	72	2.098	11,9	
129	-39,41 MLWS	42,25	23	72	2.121	10,9	
130	-39,66 MLWS	42,50	22	72	2.143	11,4	
131	-39,91 MLWS	42,75	23	72	2.166	10,9	
132	-40,16 MLWS	43,00	24	72	2.190	10,4	
133	-40,41 MLWS	43,25	24	72	2.214	10,4	
134	-40,66 MLWS	43,50	21	72	2.235	11,9	
135	-40,91 MLWS	43,75	23	72	2.258	10,9	
136	-41,16 MLWS	44,00	25	72	2.283	10,0	
137	-41,41 MLWS	44,25	24	72	2.307	10,4	
138	-41,66 MLWS	44,50	24	72	2.331	10,4	
139	-41,91 MLWS	44,75	20	72	2.351	12,5	
140	-42,16 MLWS	45,00	21	72	2.372	11,9	
141	-42,41 MLWS	45,25	19	72	2.391	13,2	
142	-42,66 MLWS	45,50	20	72	2.411	12,5	
143	-42,91 MLWS	45,75	19	72	2.430	13,2	
144	-43,16 MLWS	46,00	20	72	2.450	12,5	
145	-43,41 MLWS	46,25	17	72	2.467	14,7	
146	-43,66 MLWS	46,50	35	72	2.502	7,1	
147	-43,91 MLWS	46,75	35	72	2.537	7,1	
148	-44,16 MLWS	47,00	35	72	2.572	7,1	
149	-44,41 MLWS	47,25	37	72	2.609	6,8	
150	-44,66 MLWS	47,50	49	100	2.658	5,1	
151	-44,91 MLWS	47,75	40	120	2.698	6,3	
152	-45,16 MLWS	48,00	39	140	2.737	6,4	
153	-45,41 MLWS	48,25	40	140	2.777	6,3	
154	-45,66 MLWS	48,50	38	140	2.815	6,6	
155	-45,91 MLWS	48,75	27	140	2.842	9,3	
156	-46,16 MLWS	49,00	26	160	2.868	9,6	
157	-46,41 MLWS	49,25	28	160	2.896	8,9	
158	-46,66 MLWS	49,50	30	160	2.926	8,3	
159	-46,91 MLWS	49,75	30	160	2.956	8,3	
160	-47,16 MLWS	50,00	30	160	2.986	8,3	
161	-47,41 MLWS	50,25	30	160	3.016	8,3	
162	-47,66 MLWS	50,50	30	160	3.046	8,3	
163	-47,91 MLWS	50,75	30	160	3.076	8,3	
164	-48,16 MLWS	51,00	29	160	3.105	8,6	
165	-48,41 MLWS	51,25	30	160	3.135	8,3	
166	-48,66 MLWS	51,50	28	160	3.163	8,9	
167	-48,91 MLWS	51,75	27	160	3.190	9,3	
168	-49,16 MLWS	52,00	29	160	3.219	8,6	
169	-49,41 MLWS	52,25	30	160	3.249	8,3	
170	-49,66 MLWS	52,50	31	160	3.280	8,1	
171	-49,91 MLWS	52,75	33	160	3.313	7,6	
172	-50,16 MLWS	53,00	31	160	3.344	8,1	
173	-50,41 MLWS	53,25	32	160	3.376	7,8	
174	-50,66 MLWS	53,50	32	160	3.408	7,8	
175	-50,91 MLWS	53,75	31	160	3.439	8,1	
176	-51,16 MLWS	54,00	32	160	3.471	7,8	
177	-51,41 MLWS	54,25	36	160	3.507	6,9	
178	-51,66 MLWS	54,50	37	160	3.544	6,8	
179	-51,91 MLWS	54,75	34	160	3.578	7,4	
180	-52,16 MLWS	55,00	35	170	3.613	7,1	
181	-52,41 MLWS	55,25	35	170	3.648	7,1	
182	-52,66 MLWS	55,50	35	170	3.683	7,1	
183	-52,91 MLWS	55,75	35	170	3.718	7,1	
184	-53,16 MLWS	56,00	35	180	3.753	7,1	
185	-53,41 MLWS	56,25	30	180	3.783	8,3	
186	-53,66 MLWS	56,50	30	180	3.813	8,3	
187	-53,91 MLWS	56,75	30	180	3.843	8,3	
188	-54,16 MLWS	57,00	30	180	3.873	8,3	
189	-54,41 MLWS	57,25	30	180	3.903	8,3	
190	-54,66 MLWS	57,50	28	180	3.931	8,9	
191	-54,91 MLWS	57,75	28	180	3.959	8,9	
192	-55,16 MLWS	58,00	29	180	3.988	8,6	
193	-55,41 MLWS	58,25	27	180	4.015	9,3	
194	-55,66 MLWS	58,50	25	180	4.040	10,0	
195	-55,91 MLWS	58,75	25	180	4.065	10,0	
196	-56,16 MLWS	59,00	26	180	4.091	9,6	
197	-56,41 MLWS	59,25	26	180	4.117	9,6	
198	-56,66 MLWS	59,50	30	180	4.147	8,3	
199	-56,91 MLWS	59,75	27	180	4.174	9,3	
200	-57,16 MLWS	60,00	28	180	4.202	8,9	
201	-57,41 MLWS	60,25	28	180	4.230	8,9	
202	-57,66 MLWS	60,50	30	180	4.260	8,3	
203	-57,91 MLWS	60,75	31	180	4.291	8,1	
204	-58,16 MLWS	61,00	31	180	4.322	8,1	
205	-58,41 MLWS	61,25	28	180	4.350	8,9	
206	-58,66 MLWS	61,50	32	180	4.382	7,8	
207	-58,91 MLWS	61,75	32	180	4.414	7,8	
208	-59,16 MLWS	62,00	31	180	4.445	8,1	
209	-59,41 MLWS	62,25	31	180	4.476	8,1	
210	-59,66 MLWS	62,50	32	180	4.508	7,8	
211	-59,91 MLWS	62,75	32	180	4.540	7,8	
212	-60,16 MLWS	63,00	30	180	4.570	8,3	
213	-60,41 MLWS	63,25	24	180	4.594	10,4	
214	-60,66 MLWS	63,50	30	180	4.624	8,3	
215	-60,91 MLWS	63,75	31	180	4.655	8,1	
216	-61,16 MLWS	64,00	31	180	4.686	8,1	
217	-61,41 MLWS	64,25	30	180	4.716	8,3	
218	-61,66 MLWS	64,50	30	180	4.746	8,3	
219	-61,91 MLWS	64,75	30	180	4.776	8,3	
220	-62,16 MLWS	65,00	31	180	4.807	8,1	
221	-62,41 MLWS	65,25	33	180	4.840	7,6	
222	-62,66 MLWS	65,50	34	180	4.874	7,4	
223	-62,91 MLWS	65,75	34	180	4.908	7,4	
224	-63,16 MLWS	66,00	32	190	4.940	7,8	
225	-63,41 MLWS	66,25	35	190	4.975	7,1	
226	-63,66 MLWS	66,50	31	190	5.006	8,1	
227	-63,91 MLWS	66,75	31	190	5.037	8,1	
228	-64,16 MLWS	67,00	35	190	5.072	7,1	
229	-64,41 MLWS	67,25	32	190	5.104	7,8	
230	-64,66 MLWS	67,50	32	190	5.136	7,8	
231	-64,91 MLWS	67,75	36	190	5.172	6,9	
232	-65,16 MLWS	68,00	36	190	5.208	6,9	
233	-65,41 MLWS	68,25	36	190	5.244	6,9	
234	-65,66 MLWS	68,50	36	190	5.280	6,9	
235	-65,91 MLWS	68,75	42	190	5.322	6,0	
236	-66,16 MLWS	69,00	42	190	5.364	6,0	
237	-66,41 MLWS	69,25	40	190	5.404	6,3	
238	-66,66 MLWS	69,50	36	200	5.440	6,9	
239	-66,91 MLWS	69,75	34	210	5.474	7,4	
240	-67,16 MLWS	70,00	131	220	5.605	1,9	
241	-67,41 MLWS	70,25	169	220	5.774	1,5	
242	-67,66 MLWS	70,50	167	220	5.941	1,5	
243	-67,91 MLWS	70,75	164	230	6.105	1,5	
244	-68,16 MLWS	71,00	136	230	6.241	1,8	
245	-68,41 MLWS	71,25	138	230	6.379	1,8	
246	-68,66 MLWS	71,50	120	230	6.499	2,1	
247	-68,91 MLWS	71,75	6.499	-			
248	-69,16 MLWS	72,00	6.499	-			
249	-69,41 MLWS	72,25	6.499	-			
