N°	Toe Level	Graduation	Blow_Count	Energy(kJ)	Cumulative_blow_Count	Penetration_per_blow(mm/blow)	comments
1	-4,91 MLWS	7,75					
2	-5,16 MLWS	8,00	28	30	28	9	
3	-5,41 MLWS	8,25	11	30	39	23	
4	-5,66 MLWS	8,50	11	30	50	23	
5	-5,91 MLWS	8,75	12	30	62	21	
6	-6,16 MLWS	9,00	12	30	74	21	
7	-6,41 MLWS	9,25	12	30	86	21	
8	-6,66 MLWS	9,50	13	30	99	19	
9	-6,91 MLWS	9,75	13	30	112	19	
10	-7,16 MLWS	10,00	12	30	124	21	
11	-7,41 MLWS	10,25	12	30	136	21	
12	-7,66 MLWS	10,50	12	30	148	21	
13	-7,91 MLWS	10,75	13	30	161	19	
14	-8,16 MLWS	11,00	12	30	173	21	
15	-8,41 MLWS	11,25	12	30	185	21	
16	-8,66 MLWS	11,50	12	30	197	21	
17	-8,91 MLWS	11,75	14	30	211	18	
18	-9,16 MLWS	12,00	21	30	232	12	
19	-9,41 MLWS	12,25	20	30	252	13	
20	-9,66 MLWS	12,50	16	30	268	16	
21	-9,91 MLWS	12,75	18	30	286	14	
22	-10,16 MLWS	13,00	22	30	308	11	
23	-10,41 MLWS	13,25	23	30	331	11	
24	-10,66 MLWS	13,50	24	40	355	10	
25	-10,91 MLWS	13,75	23	40	378	11	
26	-11,16 MLWS	14,00	23	40	401	11	
27	-11,41 MLWS	14,25	20	40	421	13	
28	-11,66 MLWS	14,50	18	40	439	14	
29	-11,91 MLWS	14,75	17	40	456	15	
30	-12,16 MLWS	15,00	17	40	473	15	
31	-12,41 MLWS	15,25	17	40	490	15	
32	-12,66 MLWS	15,50	16	40	506	16	
33	-12,91 MLWS	15,75	16	40	522	16	
34	-13,16 MLWS	16,00	16	40	538	16	
35	-13,41 MLWS	16,25	14	40	552	18	
36	-13,66 MLWS	16,50	15	40	567	17	
37	-13,91 MLWS	16,75	14	40	581	18	
38	-14,16 MLWS	17,00	13	40	594	19	
39	-14,41 MLWS	17,25	13	40	607	19	
40	-14,66 MLWS	17,50	13	40	620	19	
41	-14,91 MLWS	17,75	12	40	632	21	
42	-15,16 MLWS	18,00	13	40	645	19	
43	-15,41 MLWS	18,25	13	40	658	19	
44	-15,66 MLWS	18,50	12	40	670	21	
45	-15,91 MLWS	18,75	10	40	680	25	
46	-16,16 MLWS	19,00	10	40	690	25	
47	-16,41 MLWS	19,25	10	40	700	25	
48	-16,66 MLWS	19,50	11	40	711	23	
49	-16,91 MLWS	19,75	10	40	721	25	
50	-17,16 MLWS	20,00	11	40	732	23	
51	-17,41 MLWS	20,25	11	40	743	22,7	
52	-17,66 MLWS	20,50	11	40	754	22,7	
53	-17,91 MLWS	20,75	11	40	765	22,7	
54	-18,16 MLWS	21,00	12	40	777	20,8	
55	-18,41 MLWS	21,25	12	40	789	20,8	
56	-18,66 MLWS	21,50	10	40	799	25,0	
57	-18,91 MLWS	21,75	12	40	811	20,8	
58	-19,16 MLWS	22,00	18	50	829	13,9	
59	-19,41 MLWS	22,25	25	50	854	10,0	
60	-19,66 MLWS	22,50	20	50	874	12,5	
61	-19,91 MLWS	22,75	19	50	893	13,2	
62	-20,16 MLWS	23,00	20	50	913	12,5	
63	-20,41 MLWS	23,25	20	50	933	12,5	
64	-20,66 MLWS	23,50	17	50	950	14,7	
65	-20,91 MLWS	23,75	17	50	967	14,7	
66	-21,16 MLWS	24,00	19	50	986	13,2	
67	-21,41 MLWS	24,25	15	50	1.001	16,7	
68	-21,66 MLWS	24,50	15	50	1.016	16,7	
69	-21,91 MLWS	24,75	15	50	1.031	16,7	
70	-22,16 MLWS	25,00	16	50	1.047	15,6	
71	-22,41 MLWS	25,25	17	50	1.064	14,7	
72	-22,66 MLWS	25,50	19	50	1.083	13,2	
73	-22,91 MLWS	25,75	17	50	1.100	14,7	
74	-23,16 MLWS	26,00	15	50	1.115	16,7	
75	-23,41 MLWS	26,25	16	50	1.131	15,6	
76	-23,66 MLWS	26,50	15	50	1.146	16,7	
77	-23,91 MLWS	26,75	15	50	1.161	16,7	
78	-24,16 MLWS	27,00	16	50	1.177	15,6	
79	-24,41 MLWS	27,25	16	50	1.193	15,6	
80	-24,66 MLWS	27,50	14	50	1.207	17,9	
81	-24,91 MLWS	27,75	13	50	1.220	19,2	
82	-25,16 MLWS	28,00	15	50	1.235	16,7	
83	-25,41 MLWS	28,25	15	50	1.250	16,7	
84	-25,66 MLWS	28,50	14	50	1.264	17,9	
85	-25,91 MLWS	28,75	15	50	1.279	16,7	
86	-26,16 MLWS	29,00	14	50	1.293	17,9	
87	-26,41 MLWS	29,25	16	50	1.309	15,6	
88	-26,66 MLWS	29,50	17	50	1.326	14,7	
89	-26,91 MLWS	29,75	16	50	1.342	15,6	
90	-27,16 MLWS	30,00	15	50	1.357	16,7	
91	-27,41 MLWS	30,25	16	50	1.373	15,6	
92	-27,66 MLWS	30,50	14	50	1.387	17,9	
93	-27,91 MLWS	30,75	14	50	1.401	17,9	
94	-28,16 MLWS	31,00	15	50	1.416	16,7	
95	-28,41 MLWS	31,25	14	50	1.430	17,9	
96	-28,66 MLWS	31,50	14	50	1.444	17,9	
97	-28,91 MLWS	31,75	17	50	1.461	14,7	
98	-29,16 MLWS	32,00	14	50	1.475	17,9	
99	-29,41 MLWS	32,25	16	50	1.491	15,6	
100	-29,66 MLWS	32,50	16	50	1.507	15,6	
101	-29,91 MLWS	32,75	15	50	1.522	16,7	
102	-30,16 MLWS	33,00	16	50	1.538	15,6	
103	-30,41 MLWS	33,25	15	50	1.553	16,7	
104	-30,66 MLWS	33,50	16	50	1.569	15,6	
105	-30,91 MLWS	33,75	16	50	1.585	15,6	
106	-31,16 MLWS	34,00	17	50	1.602	14,7	
107	-31,41 MLWS	34,25	15	50	1.617	16,7	
108	-31,66 MLWS	34,50	15	50	1.632	16,7	
109	-31,91 MLWS	34,75	16	50	1.648	15,6	
110	-32,16 MLWS	35,00	15	50	1.663	16,7	
111	-32,41 MLWS	35,25	16	50	1.679	15,6	
112	-32,66 MLWS	35,50	18	50	1.697	13,9	
113	-32,91 MLWS	35,75	16	50	1.713	15,6	
114	-33,16 MLWS	36,00	17	50	1.730	14,7	
115	-33,41 MLWS	36,25	17	50	1.747	14,7	
116	-33,66 MLWS	36,50	17	50	1.764	14,7	
117	-33,91 MLWS	36,75	17	50	1.781	14,7	
118	-34,16 MLWS	37,00	18	50	1.799	13,9	
119	-34,41 MLWS	37,25	17	50	1.816	14,7	
120	-34,66 MLWS	37,50	19	50	1.835	13,2	
121	-34,91 MLWS	37,75	18	50	1.853	13,9	
122	-35,16 MLWS	38,00	19	50	1.872	13,2	
123	-35,41 MLWS	38,25	18	50	1.890	13,9	
124	-35,66 MLWS	38,50	20	50	1.910	12,5	
125	-35,91 MLWS	38,75	19	50	1.929	13,2	
126	-36,16 MLWS	39,00	20	50	1.949	12,5	
127	-36,41 MLWS	39,25	22	50	1.971	11,4	
128	-36,66 MLWS	39,50	19	50	1.990	13,2	
129	-36,91 MLWS	39,75	17	50	2.007	14,7	
130	-37,16 MLWS	40,00	17	50	2.024	14,7	
131	-37,41 MLWS	40,25	16	50	2.040	15,6	
132	-37,66 MLWS	40,50	19	50	2.059	13,2	
133	-37,91 MLWS	40,75	17	50	2.076	14,7	
134	-38,16 MLWS	41,00	18	50	2.094	13,9	
135	-38,41 MLWS	41,25	17	50	2.111	14,7	
136	-38,66 MLWS	41,50	20	50	2.131	12,5	
137	-38,91 MLWS	41,75	16	50	2.147	15,6	
138	-39,16 MLWS	42,00	15	50	2.162	16,7	
139	-39,41 MLWS	42,25	17	50	2.179	14,7	
140	-39,66 MLWS	42,50	18	50	2.197	13,9	
141	-39,91 MLWS	42,75	16	50	2.213	15,6	
142	-40,16 MLWS	43,00	16	50	2.229	15,6	
143	-40,41 MLWS	43,25	22	50	2.251	11,4	
144	-40,66 MLWS	43,50	18	50	2.269	13,9	
145	-40,91 MLWS	43,75	17	50	2.286	14,7	
146	-41,16 MLWS	44,00	19	50	2.305	13,2	
147	-41,41 MLWS	44,25	17	50	2.322	14,7	
148	-41,66 MLWS	44,50	20	50	2.342	12,5	
149	-41,91 MLWS	44,75	23	50	2.365	10,9	
150	-42,16 MLWS	45,00	20	50	2.385	12,5	
151	-42,41 MLWS	45,25	19	50	2.404	13,2	
152	-42,66 MLWS	45,50	13	50	2.417	19,2	
153	-42,91 MLWS	45,75	22	72	2.439	11,4	
154	-43,16 MLWS	46,00	25	72	2.464	10,0	
155	-43,41 MLWS	46,25	24	72	2.488	10,4	
156	-43,66 MLWS	46,50	28	72	2.516	8,9	
157	-43,91 MLWS	46,75	35	72	2.551	7,1	
158	-44,16 MLWS	47,00	34	72	2.585	7,4	
159	-44,41 MLWS	47,25	35	72	2.620	7,1	
160	-44,66 MLWS	47,50	36	72	2.656	6,9	
161	-44,91 MLWS	47,75	36	90	2.692	6,9	
162	-45,16 MLWS	48,00	36	90	2.728	6,9	
163	-45,41 MLWS	48,25	34	90	2.762	7,4	
164	-45,66 MLWS	48,50	39	90	2.801	6,4	
165	-45,91 MLWS	48,75	36	110	2.837	6,9	
166	-46,16 MLWS	49,00	32	110	2.869	7,8	
167	-46,41 MLWS	49,25	35	110	2.904	7,1	
168	-46,66 MLWS	49,50	36	110	2.940	6,9	
169	-46,91 MLWS	49,75	33	110	2.973	7,6	
170	-47,16 MLWS	50,00	35	110	3.008	7,1	
171	-47,41 MLWS	50,25	36	120	3.044	6,9	
172	-47,66 MLWS	50,50	36	120	3.080	6,9	
173	-47,91 MLWS	50,75	33	120	3.113	7,6	
174	-48,16 MLWS	51,00	37	125	3.150	6,8	
175	-48,41 MLWS	51,25	33	125	3.183	7,6	
176	-48,66 MLWS	51,50	32	125	3.215	7,8	
177	-48,91 MLWS	51,75	34	130	3.249	7,4	
178	-49,16 MLWS	52,00	32	130	3.281	7,8	
179	-49,41 MLWS	52,25	31	130	3.312	8,1	
180	-49,66 MLWS	52,50	30	135	3.342	8,3	
181	-49,91 MLWS	52,75	31	135	3.373	8,1	
182	-50,16 MLWS	53,00	30	135	3.403	8,3	
183	-50,41 MLWS	53,25	32	135	3.435	7,8	
184	-50,66 MLWS	53,50	30	135	3.465	8,3	
185	-50,91 MLWS	53,75	32	135	3.497	7,8	
186	-51,16 MLWS	54,00	32	135	3.529	7,8	
187	-51,41 MLWS	54,25	31	135	3.560	8,1	
188	-51,66 MLWS	54,50	36	135	3.596	6,9	
189	-51,91 MLWS	54,75	35	135	3.631	7,1	
190	-52,16 MLWS	55,00	36	135	3.667	6,9	
191	-52,41 MLWS	55,25	32	140	3.699	7,8	
192	-52,66 MLWS	55,50	32	140	3.731	7,8	
193	-52,91 MLWS	55,75	32	140	3.763	7,8	
194	-53,16 MLWS	56,00	31	140	3.794	8,1	
195	-53,41 MLWS	56,25	30	140	3.824	8,3	
196	-53,66 MLWS	56,50	31	140	3.855	8,1	
197	-53,91 MLWS	56,75	31	140	3.886	8,1	
198	-54,16 MLWS	57,00	32	140	3.918	7,8	
199	-54,41 MLWS	57,25	31	140	3.949	8,1	
200	-54,66 MLWS	57,50	31	140	3.980	8,1	
201	-54,91 MLWS	57,75	31	140	4.011	8,1	
202	-55,16 MLWS	58,00	30	140	4.041	8,3	
203	-55,41 MLWS	58,25	32	140	4.073	7,8	
204	-55,66 MLWS	58,50	33	140	4.106	7,6	
205	-55,91 MLWS	58,75	33	140	4.139	7,6	
206	-56,16 MLWS	59,00	33	140	4.172	7,6	
207	-56,41 MLWS	59,25	34	150	4.206	7,4	257 6.702 -
208	-56,66 MLWS	59,50	33	150	4.239	7,6	258 6.702 -
209	-56,91 MLWS	59,75	30	150	4.269	8,3	259 6.702 -
210	-57,16 MLWS	60,00	34	150	4.303	7,4	260 6.702 -
211	-57,41 MLWS	60,25	35	150	4.338	7,1	261 6.702 -
212	-57,66 MLWS	60,50	34	150	4.372	7,4	262 6.702 -
213	-57,91 MLWS	60,75	37	150	4.409	6,8	263 6.702 -
214	-58,16 MLWS	61,00	36	150	4.445	6,9	264 6.702 -
215	-58,41 MLWS	61,25	36	160	4.481	6,9	265 6.702 -
216	-58,66 MLWS	61,50	32	160	4.513	7,8	266 6.702 -
217	-58,91 MLWS	61,75	33	160	4.546	7,6	267 6.702 -
218	-59,16 MLWS	62,00	36	160	4.582	6,9	268 6.702 -
219	-59,41 MLWS	62,25	34	160	4.616	7,4	269 6.702 -
220	-59,66 MLWS	62,50	10	160	4.626	25,0	270 6.702 -
221	-59,91 MLWS	62,75	36	180	4.662	6,9	271 6.702 -
222	-60,16 MLWS	63,00	18	180	4.680	13,9	272 6.702 -
223	-60,41 MLWS	63,25	10	180	4.690	25,0	273 6.702 -
224	-60,66 MLWS	63,50	60	180	4.750	4,2	274 6.702 -
225	-60,91 MLWS	63,75	55	180	4.805	4,5	275 6.702 -
226	-61,16 MLWS	64,00	55	170	4.860	4,5	276 6.702 -
227	-61,41 MLWS	64,25	31	180	4.891	8,1	277 6.702 -
228	-61,66 MLWS	64,50	19	180	4.910	13,2	278 6.702 -
229	-61,91 MLWS	64,75	47	180	4.957	5,3	279 6.702 -
230	-62,16 MLWS	65,00	47	180	5.004	5,3	280 6.702 -
231	-62,41 MLWS	65,25	46	195	5.050	5,4	281 6.702 -
232	-62,66 MLWS	65,50	45	195	5.095	5,6	282 6.702 -
233	-62,91 MLWS	65,75	44	205	5.139	5,7	283 6.702 -
234	-63,16 MLWS	66,00	41	205	5.180	6,1	284 6.702 -
235	-63,41 MLWS	66,25	42	205	5.222	6,0	285 6.702 -
236	-63,66 MLWS	66,50	41	205	5.263	6,1	286 6.702 -
237	-63,91 MLWS	66,75	20	215	5.283	12,5	287 6.702 -
238	-64,16 MLWS	67,00	25	215	5.308	10,0	288 6.702 -
239	-64,41 MLWS	67,25	40	215	5.348	6,3	289 6.702 -
240	-64,66 MLWS	67,50	42	215	5.390	6,0	290 6.702 -
241	-64,91 MLWS	67,75	41	215	5.431	6,1	291 6.702 -
242	-65,16 MLWS	68,00	42	215	5.473	6,0	292 6.702 -
243	-65,41 MLWS	68,25	41	225	5.514	6,1	293 6.702 -
244	-65,66 MLWS	68,50	41	235	5.555	6,1	294 6.702 -
245	-65,91 MLWS	68,75	40	235	5.595	6,3	295 6.702 -
246	-66,16 MLWS	69,00	39	235	5.634	6,4	296 6.702 -
247	-66,41 MLWS	69,25	40	235	5.674	6,3	297 6.702 -
248	-66,66 MLWS	69,50	39	235	5.713	6,4	298 6.702 -
249	-66,91 MLWS	69,75	34	235	5.747	7,4	299 6.702 -
250	-67,16 MLWS	70,00	131	130	5.878	1,9	300 6.702 -
251	-67,41 MLWS	70,25	143	230	6.021	1,7	
252	-67,66 MLWS	70,50	138	230	6.159	1,8	
253	-67,91 MLWS	70,75	132	230	6.291	1,9	
254	-68,16 MLWS	71,00	129	230	6.420	1,9	
255	-68,41 MLWS	71,25	132	230	6.552	1,9	
256	-68,66 MLWS	71,50	150	230	6.702	1,7	
