N°	Toe Level	Graduation	Blow_Count	Energy(kJ)	Cumulative_blow_Count	Penetration_per_blow(mm/blow)	comments
1	-7,60 MLWS	10,50					
2	-7,85 MLWS	10,75	19	30	19	13	
3	-8,10 MLWS	11,00	19	30	38	13	
4	-8,35 MLWS	11,25	19	30	57	13	
5	-8,60 MLWS	11,50	19	30	76	13	
6	-8,85 MLWS	11,75	18	30	94	14	
7	-9,10 MLWS	12,00	18	30	112	14	
8	-9,35 MLWS	12,25	19	30	131	13	
9	-9,60 MLWS	12,50	24	30	155	10	
10	-9,85 MLWS	12,75	21	30	176	12	
11	-10,10 MLWS	13,00	22	30	198	11	
12	-10,35 MLWS	13,25	22	30	220	11	
13	-10,60 MLWS	13,50	23	30	243	11	
14	-10,85 MLWS	13,75	20	30	263	13	
15	-11,10 MLWS	14,00	19	30	282	13	
16	-11,35 MLWS	14,25	18	30	300	14	
17	-11,60 MLWS	14,50	19	30	319	13	
18	-11,85 MLWS	14,75	17	30	336	15	
19	-12,10 MLWS	15,00	16	30	352	16	
20	-12,35 MLWS	15,25	16	30	368	16	
21	-12,60 MLWS	15,50	15	30	383	17	
22	-12,85 MLWS	15,75	15	30	398	17	
23	-13,10 MLWS	16,00	14	30	412	18	
24	-13,35 MLWS	16,25	15	30	427	17	
25	-13,60 MLWS	16,50	19	30	446	13	
26	-13,85 MLWS	16,75	16	30	462	16	
27	-14,10 MLWS	17,00	12	30	474	21	
28	-14,35 MLWS	17,25	10	30	484	25	
29	-14,60 MLWS	17,50	7	30	491	36	
30	-14,85 MLWS	17,75	10	30	501	25	
31	-15,10 MLWS	18,00	9	30	510	28	
32	-15,35 MLWS	18,25	10	30	520	25	
33	-15,60 MLWS	18,50	9	30	529	28	
34	-15,85 MLWS	18,75	10	30	539	25	
35	-16,10 MLWS	19,00	9	30	548	28	
36	-16,35 MLWS	19,25	9	30	557	28	
37	-16,60 MLWS	19,50	10	30	567	25	
38	-16,85 MLWS	19,75	9	30	576	28	
39	-17,10 MLWS	20,00	9	30	585	28	
40	-17,35 MLWS	20,25	10	30	595	25	
41	-17,60 MLWS	20,50	9	30	604	28	
42	-17,85 MLWS	20,75	10	30	614	25	
43	-18,10 MLWS	21,00	10	30	624	25	
44	-18,35 MLWS	21,25	10	30	634	25	
45	-18,60 MLWS	21,50	10	30	644	25	
46	-18,85 MLWS	21,75	10	72	654	25	
47	-19,10 MLWS	22,00	20	72	674	13	
48	-19,35 MLWS	22,25	20	72	694	13	
49	-19,60 MLWS	22,50	11	72	705	23	
50	-19,85 MLWS	22,75	15	72	720	17	
51	-20,10 MLWS	23,00	20	72	740	12,5	
52	-20,35 MLWS	23,25	19	72	759	13,2	
53	-20,60 MLWS	23,50	15	72	774	16,7	
54	-20,85 MLWS	23,75	16	72	790	15,6	
55	-21,10 MLWS	24,00	16	72	806	15,6	
56	-21,35 MLWS	24,25	14	72	820	17,9	
57	-21,60 MLWS	24,50	12	72	832	20,8	
58	-21,85 MLWS	24,75	14	72	846	17,9	
59	-22,10 MLWS	25,00	14	72	860	17,9	
60	-22,35 MLWS	25,25	13	72	873	19,2	
61	-22,60 MLWS	25,50	14	72	887	17,9	
62	-22,85 MLWS	25,75	13	72	900	19,2	
63	-23,10 MLWS	26,00	14	72	914	17,9	
64	-23,35 MLWS	26,25	14	72	928	17,9	
65	-23,60 MLWS	26,50	14	72	942	17,9	
66	-23,85 MLWS	26,75	14	72	956	17,9	
67	-24,10 MLWS	27,00	13	72	969	19,2	
68	-24,35 MLWS	27,25	13	72	982	19,2	
69	-24,60 MLWS	27,50	14	72	996	17,9	
70	-24,85 MLWS	27,75	14	72	1.010	17,9	
71	-25,10 MLWS	28,00	15	72	1.025	16,7	
72	-25,35 MLWS	28,25	14	72	1.039	17,9	
73	-25,60 MLWS	28,50	15	60	1.054	16,7	
74	-25,85 MLWS	28,75	14	60	1.068	17,9	
75	-26,10 MLWS	29,00	14	60	1.082	17,9	
76	-26,35 MLWS	29,25	15	60	1.097	16,7	
77	-26,60 MLWS	29,50	16	60	1.113	15,6	
78	-26,85 MLWS	29,75	17	47	1.130	14,7	
79	-27,10 MLWS	30,00	20	47	1.150	12,5	
80	-27,35 MLWS	30,25	18	47	1.168	13,9	
81	-27,60 MLWS	30,50	18	47	1.186	13,9	
82	-27,85 MLWS	30,75	20	47	1.206	12,5	
83	-28,10 MLWS	31,00	19	47	1.225	13,2	
84	-28,35 MLWS	31,25	20	47	1.245	12,5	
85	-28,60 MLWS	31,50	18	47	1.263	13,9	
86	-28,85 MLWS	31,75	20	47	1.283	12,5	
87	-29,10 MLWS	32,00	17	47	1.300	14,7	
88	-29,35 MLWS	32,25	21	47	1.321	11,9	
89	-29,60 MLWS	32,50	20	47	1.341	12,5	
90	-29,85 MLWS	32,75	20	47	1.361	12,5	
91	-30,10 MLWS	33,00	20	47	1.381	12,5	
92	-30,35 MLWS	33,25	21	47	1.402	11,9	
93	-30,60 MLWS	33,50	19	72	1.421	13,2	
94	-30,85 MLWS	33,75	5	72	1.426	50,0	
95	-31,10 MLWS	34,00	20	72	1.446	12,5	
96	-31,35 MLWS	34,25	20	72	1.466	12,5	
97	-31,60 MLWS	34,50	15	72	1.481	16,7	
98	-31,85 MLWS	34,75	17	72	1.498	14,7	
99	-32,10 MLWS	35,00	20	72	1.518	12,5	
100	-32,35 MLWS	35,25	17	72	1.535	14,7	
101	-32,60 MLWS	35,50	18	72	1.553	13,9	
102	-32,85 MLWS	35,75	18	72	1.571	13,9	
103	-33,10 MLWS	36,00	17	72	1.588	14,7	
104	-33,35 MLWS	36,25	17	72	1.605	14,7	
105	-33,60 MLWS	36,50	18	72	1.623	13,9	
106	-33,85 MLWS	36,75	18	72	1.641	13,9	
107	-34,10 MLWS	37,00	19	72	1.660	13,2	
108	-34,35 MLWS	37,25	18	72	1.678	13,9	
109	-34,60 MLWS	37,50	19	72	1.697	13,2	
110	-34,85 MLWS	37,75	18	72	1.715	13,9	
111	-35,10 MLWS	38,00	19	72	1.734	13,2	
112	-35,35 MLWS	38,25	18	72	1.752	13,9	
113	-35,60 MLWS	38,50	19	72	1.771	13,2	
114	-35,85 MLWS	38,75	19	72	1.790	13,2	
115	-36,10 MLWS	39,00	18	72	1.808	13,9	
116	-36,35 MLWS	39,25	17	72	1.825	14,7	
117	-36,60 MLWS	39,50	19	72	1.844	13,2	
118	-36,85 MLWS	39,75	19	72	1.863	13,2	
119	-37,10 MLWS	40,00	22	72	1.885	11,4	
120	-37,35 MLWS	40,25	20	72	1.905	12,5	
121	-37,60 MLWS	40,50	21	72	1.926	11,9	
122	-37,85 MLWS	40,75	21	72	1.947	11,9	
123	-38,10 MLWS	41,00	21	72	1.968	11,9	
124	-38,35 MLWS	41,25	19	72	1.987	13,2	
125	-38,60 MLWS	41,50	21	72	2.008	11,9	
126	-38,85 MLWS	41,75	21	72	2.029	11,9	
127	-39,10 MLWS	42,00	22	72	2.051	11,4	
128	-39,35 MLWS	42,25	21	72	2.072	11,9	
129	-39,60 MLWS	42,50	22	72	2.094	11,4	
130	-39,85 MLWS	42,75	22	72	2.116	11,4	
131	-40,10 MLWS	43,00	22	72	2.138	11,4	
132	-40,35 MLWS	43,25	21	72	2.159	11,9	
133	-40,60 MLWS	43,50	23	72	2.182	10,9	
134	-40,85 MLWS	43,75	23	72	2.205	10,9	
135	-41,10 MLWS	44,00	22	72	2.227	11,4	
136	-41,35 MLWS	44,25	21	72	2.248	11,9	
137	-41,60 MLWS	44,50	22	72	2.270	11,4	
138	-41,85 MLWS	44,75	23	72	2.293	10,9	
139	-42,10 MLWS	45,00	23	72	2.316	10,9	
140	-42,35 MLWS	45,25	24	72	2.340	10,4	
141	-42,60 MLWS	45,50	23	72	2.363	10,9	
142	-42,85 MLWS	45,75	22	72	2.385	11,4	
143	-43,10 MLWS	46,00	60	72	2.445	4,2	
144	-43,35 MLWS	46,25	50	72	2.495	5,0	
145	-43,60 MLWS	46,50	36	72	2.531	6,9	
146	-43,85 MLWS	46,75	33	72	2.564	7,6	
147	-44,10 MLWS	47,00	33	120	2.597	7,6	
148	-44,35 MLWS	47,25	31	140	2.628	8,1	
149	-44,60 MLWS	47,50	29	140	2.657	8,6	
150	-44,85 MLWS	47,75	30	140	2.687	8,3	
151	-45,10 MLWS	48,00	29	150	2.716	8,6	
152	-45,35 MLWS	48,25	27	150	2.743	9,3	
153	-45,60 MLWS	48,50	26	150	2.769	9,6	
154	-45,85 MLWS	48,75	26	150	2.795	9,6	
155	-46,10 MLWS	49,00	27	150	2.822	9,3	
156	-46,35 MLWS	49,25	27	150	2.849	9,3	
157	-46,60 MLWS	49,50	28	150	2.877	8,9	
158	-46,85 MLWS	49,75	28	150	2.905	8,9	
159	-47,10 MLWS	50,00	28	150	2.933	8,9	
160	-47,35 MLWS	50,25	29	150	2.962	8,6	
161	-47,60 MLWS	50,50	30	150	2.992	8,3	
162	-47,85 MLWS	50,75	28	150	3.020	8,9	
163	-48,10 MLWS	51,00	28	150	3.048	8,9	
164	-48,35 MLWS	51,25	28	150	3.076	8,9	
165	-48,60 MLWS	51,50	28	150	3.104	8,9	
166	-48,85 MLWS	51,75	28	150	3.132	8,9	
167	-49,10 MLWS	52,00	30	150	3.162	8,3	
168	-49,35 MLWS	52,25	31	150	3.193	8,1	
169	-49,60 MLWS	52,50	33	150	3.226	7,6	
170	-49,85 MLWS	52,75	33	150	3.259	7,6	
171	-50,10 MLWS	53,00	33	150	3.292	7,6	
172	-50,35 MLWS	53,25	33	150	3.325	7,6	
173	-50,60 MLWS	53,50	33	150	3.358	7,6	
174	-50,85 MLWS	53,75	28	150	3.386	8,9	
175	-51,10 MLWS	54,00	27	150	3.413	9,3	
176	-51,35 MLWS	54,25	28	160	3.441	8,9	
177	-51,60 MLWS	54,50	29	160	3.470	8,6	
178	-51,85 MLWS	54,75	28	160	3.498	8,9	
179	-52,10 MLWS	55,00	28	160	3.526	8,9	
180	-52,35 MLWS	55,25	28	160	3.554	8,9	
181	-52,60 MLWS	55,50	29	160	3.583	8,6	
182	-52,85 MLWS	55,75	29	160	3.612	8,6	
183	-53,10 MLWS	56,00	28	160	3.640	8,9	
184	-53,35 MLWS	56,25	28	160	3.668	8,9	
185	-53,60 MLWS	56,50	28	160	3.696	8,9	
186	-53,85 MLWS	56,75	29	160	3.725	8,6	
187	-54,10 MLWS	57,00	30	160	3.755	8,3	
188	-54,35 MLWS	57,25	32	160	3.787	7,8	
189	-54,60 MLWS	57,50	32	160	3.819	7,8	
190	-54,85 MLWS	57,75	32	160	3.851	7,8	
191	-55,10 MLWS	58,00	31	160	3.882	8,1	
192	-55,35 MLWS	58,25	31	160	3.913	8,1	
193	-55,60 MLWS	58,50	31	160	3.944	8,1	
194	-55,85 MLWS	58,75	30	170	3.974	8,3	
195	-56,10 MLWS	59,00	31	170	4.005	8,1	
196	-56,35 MLWS	59,25	33	170	4.038	7,6	
197	-56,60 MLWS	59,50	31	170	4.069	8,1	
198	-56,85 MLWS	59,75	30	170	4.099	8,3	
199	-57,10 MLWS	60,00	30	170	4.129	8,3	
200	-57,35 MLWS	60,25	35	190	4.164	7,1	
201	-57,60 MLWS	60,50	30	190	4.194	8,3	
202	-57,85 MLWS	60,75	30	190	4.224	8,3	
203	-58,10 MLWS	61,00	31	190	4.255	8,1	
204	-58,35 MLWS	61,25	30	190	4.285	8,3	
205	-58,60 MLWS	61,50	30	190	4.315	8,3	
206	-58,85 MLWS	61,75	30	190	4.345	8,3	
207	-59,10 MLWS	62,00	31	190	4.376	8,1	
208	-59,35 MLWS	62,25	30	190	4.406	8,3	
209	-59,60 MLWS	62,50	32	190	4.438	7,8	
210	-59,85 MLWS	62,75	30	190	4.468	8,3	
211	-60,10 MLWS	63,00	33	190	4.501	7,6	
212	-60,35 MLWS	63,25	30	190	4.531	8,3	
213	-60,60 MLWS	63,50	32	190	4.563	7,8	
214	-60,85 MLWS	63,75	33	190	4.596	7,6	
215	-61,10 MLWS	64,00	34	190	4.630	7,4	
216	-61,35 MLWS	64,25	29	190	4.659	8,6	
217	-61,60 MLWS	64,50	29	190	4.688	8,6	
218	-61,85 MLWS	64,75	29	200	4.717	8,6	
219	-62,10 MLWS	65,00	29	200	4.746	8,6	
220	-62,35 MLWS	65,25	30	200	4.776	8,3	
221	-62,60 MLWS	65,50	30	200	4.806	8,3	271 6.734 -
222	-62,85 MLWS	65,75	30	200	4.836	8,3	272 6.734 -
223	-63,10 MLWS	66,00	27	200	4.863	9,3	273 6.734 -
224	-63,35 MLWS	66,25	28	200	4.891	8,9	274 6.734 -
225	-63,60 MLWS	66,50	28	200	4.919	8,9	275 6.734 -
226	-63,85 MLWS	66,75	33	200	4.952	7,6	276 6.734 -
227	-64,10 MLWS	67,00	33	200	4.985	7,6	277 6.734 -
228	-64,35 MLWS	67,25	34	200	5.019	7,4	278 6.734 -
229	-64,60 MLWS	67,50	33	200	5.052	7,6	279 6.734 -
230	-64,85 MLWS	67,75	32	200	5.084	7,8	280 6.734 -
231	-65,10 MLWS	68,00	32	200	5.116	7,8	281 6.734 -
232	-65,35 MLWS	68,25	32	210	5.148	7,8	282 6.734 -
233	-65,60 MLWS	68,50	31	150	5.179	8,1	283 6.734 -
234	-65,85 MLWS	68,75	30	200	5.209	8,3	284 6.734 -
235	-66,10 MLWS	69,00	93	200	5.302	2,7	285 6.734 -
236	-66,35 MLWS	69,25	158	220	5.460	1,6	286 6.734 -
237	-66,60 MLWS	69,50	157	220	5.617	1,6	287 6.734 -
238	-66,85 MLWS	69,75	160	220	5.777	1,6	288 6.734 -
239	-67,10 MLWS	70,00	168	220	5.945	1,5	289 6.734 -
240	-67,35 MLWS	70,25	156	220	6.101	1,6	290 6.734 -
241	-67,60 MLWS	70,50	132	230	6.233	1,9	291 6.734 -
242	-67,85 MLWS	70,75	128	230	6.361	2,0	292 6.734 -
243	-68,10 MLWS	71,00	118	230	6.479	2,1	293 6.734 -
244	-68,35 MLWS	71,25	125	230	6.604	2,0	294 6.734 -
245	-68,60 MLWS	71,50	130	230	6.734	1,9	295 6.734 -
246	-68,85 MLWS	71,75	6.734	-		
247	-69,10 MLWS	72,00	6.734	-		
248	-69,35 MLWS	72,25	6.734	-		
249	-69,60 MLWS	72,50	6.734	-		
250	-69,85 MLWS	72,75	6.734	-		
