N°	Toe Level	Graduation	Blow_Count	Energy(kJ)	Cumulative_blow_Count	Penetration_per_blow(mm/blow)	comments
1	-9,10 MLWS	12,00					
2	-9,35 MLWS	12,25	24	72	24	10	
3	-9,60 MLWS	12,50	14	72	38	18	
4	-9,85 MLWS	12,75	18	72	56	14	
5	-10,10 MLWS	13,00	21	72	77	12	
6	-10,35 MLWS	13,25	18	72	95	14	
7	-10,60 MLWS	13,50	20	72	115	13	
8	-10,85 MLWS	13,75	21	72	136	12	
9	-11,10 MLWS	14,00	21	72	157	12	
10	-11,35 MLWS	14,25	14	72	171	18	
11	-11,60 MLWS	14,50	16	72	187	16	
12	-11,85 MLWS	14,75	12	72	199	21	
13	-12,10 MLWS	15,00	16	72	215	16	
14	-12,35 MLWS	15,25	13	72	228	19	
15	-12,60 MLWS	15,50	14	72	242	18	
16	-12,85 MLWS	15,75	10	72	252	25	
17	-13,10 MLWS	16,00	13	72	265	19	
18	-13,35 MLWS	16,25	10	72	275	25	
19	-13,60 MLWS	16,50	11	72	286	23	
20	-13,85 MLWS	16,75	9	72	295	28	
21	-14,10 MLWS	17,00	9	72	304	28	
22	-14,35 MLWS	17,25	9	72	313	28	
23	-14,60 MLWS	17,50	9	72	322	28	
24	-14,85 MLWS	17,75	8	72	330	31	
25	-15,10 MLWS	18,00	8	72	338	31	
26	-15,35 MLWS	18,25	7	72	345	36	
27	-15,60 MLWS	18,50	8	72	353	31	
28	-15,85 MLWS	18,75	7	72	360	36	
29	-16,10 MLWS	19,00	8	72	368	31	
30	-16,35 MLWS	19,25	7	72	375	36	
31	-16,60 MLWS	19,50	7	72	382	36	
32	-16,85 MLWS	19,75	7	72	389	36	
33	-17,10 MLWS	20,00	8	72	397	31	
34	-17,35 MLWS	20,25	7	72	404	36	
35	-17,60 MLWS	20,50	7	72	411	36	
36	-17,85 MLWS	20,75	8	72	419	31	
37	-18,10 MLWS	21,00	8	72	427	31	
38	-18,35 MLWS	21,25	7	72	434	36	
39	-18,60 MLWS	21,50	8	72	442	31	
40	-18,85 MLWS	21,75	25	72	467	10	
41	-19,10 MLWS	22,00	18	72	485	14	
42	-19,35 MLWS	22,25	19	72	504	13	
43	-19,60 MLWS	22,50	17	72	521	15	
44	-19,85 MLWS	22,75	14	72	535	18	
45	-20,10 MLWS	23,00	13	72	548	19	
46	-20,35 MLWS	23,25	12	72	560	21	
47	-20,60 MLWS	23,50	14	72	574	18	
48	-20,85 MLWS	23,75	12	72	586	21	
49	-21,10 MLWS	24,00	12	72	598	21	
50	-21,35 MLWS	24,25	13	72	611	19	
51	-21,60 MLWS	24,50	12	72	623	20,8	
52	-21,85 MLWS	24,75	13	72	636	19,2	
53	-22,10 MLWS	25,00	12	72	648	20,8	
54	-22,35 MLWS	25,25	14	72	662	17,9	
55	-22,60 MLWS	25,50	11	72	673	22,7	
56	-22,85 MLWS	25,75	12	72	685	20,8	
57	-23,10 MLWS	26,00	10	72	695	25,0	
58	-23,35 MLWS	26,25	14	72	709	17,9	
59	-23,60 MLWS	26,50	12	72	721	20,8	
60	-23,85 MLWS	26,75	13	72	734	19,2	
61	-24,10 MLWS	27,00	15	72	749	16,7	
62	-24,35 MLWS	27,25	13	72	762	19,2	
63	-24,60 MLWS	27,50	11	72	773	22,7	
64	-24,85 MLWS	27,75	15	72	788	16,7	
65	-25,10 MLWS	28,00	13	72	801	19,2	
66	-25,35 MLWS	28,25	13	72	814	19,2	
67	-25,60 MLWS	28,50	12	72	826	20,8	
68	-25,85 MLWS	28,75	14	72	840	17,9	
69	-26,10 MLWS	29,00	13	72	853	19,2	
70	-26,35 MLWS	29,25	13	72	866	19,2	
71	-26,60 MLWS	29,50	13	72	879	19,2	
72	-26,85 MLWS	29,75	13	72	892	19,2	
73	-27,10 MLWS	30,00	15	72	907	16,7	
74	-27,35 MLWS	30,25	13	72	920	19,2	
75	-27,60 MLWS	30,50	10	72	930	25,0	
76	-27,85 MLWS	30,75	16	72	946	15,6	
77	-28,10 MLWS	31,00	13	72	959	19,2	
78	-28,35 MLWS	31,25	14	72	973	17,9	
79	-28,60 MLWS	31,50	13	72	986	19,2	
80	-28,85 MLWS	31,75	15	72	1.001	16,7	
81	-29,10 MLWS	32,00	14	72	1.015	17,9	
82	-29,35 MLWS	32,25	15	72	1.030	16,7	
83	-29,60 MLWS	32,50	12	72	1.042	20,8	
84	-29,85 MLWS	32,75	13	72	1.055	19,2	
85	-30,10 MLWS	33,00	16	72	1.071	15,6	
86	-30,35 MLWS	33,25	13	72	1.084	19,2	
87	-30,60 MLWS	33,50	13	72	1.097	19,2	
88	-30,85 MLWS	33,75	12	72	1.109	20,8	
89	-31,10 MLWS	34,00	15	72	1.124	16,7	
90	-31,35 MLWS	34,25	14	72	1.138	17,9	
91	-31,60 MLWS	34,50	15	72	1.153	16,7	
92	-31,85 MLWS	34,75	17	72	1.170	14,7	
93	-32,10 MLWS	35,00	17	72	1.187	14,7	
94	-32,35 MLWS	35,25	17	72	1.204	14,7	
95	-32,60 MLWS	35,50	17	72	1.221	14,7	
96	-32,85 MLWS	35,75	19	72	1.240	13,2	
97	-33,10 MLWS	36,00	19	72	1.259	13,2	
98	-33,35 MLWS	36,25	18	72	1.277	13,9	
99	-33,60 MLWS	36,50	18	72	1.295	13,9	
100	-33,85 MLWS	36,75	20	72	1.315	12,5	
101	-34,10 MLWS	37,00	18	72	1.333	13,9	
102	-34,35 MLWS	37,25	19	72	1.352	13,2	
103	-34,60 MLWS	37,50	18	72	1.370	13,9	
104	-34,85 MLWS	37,75	22	72	1.392	11,4	
105	-35,10 MLWS	38,00	18	72	1.410	13,9	
106	-35,35 MLWS	38,25	22	72	1.432	11,4	
107	-35,60 MLWS	38,50	22	72	1.454	11,4	
108	-35,85 MLWS	38,75	24	72	1.478	10,4	
109	-36,10 MLWS	39,00	22	72	1.500	11,4	
110	-36,35 MLWS	39,25	20	72	1.520	12,5	
111	-36,60 MLWS	39,50	21	72	1.541	11,9	
112	-36,85 MLWS	39,75	24	72	1.565	10,4	
113	-37,10 MLWS	40,00	23	72	1.588	10,9	
114	-37,35 MLWS	40,25	23	72	1.611	10,9	
115	-37,60 MLWS	40,50	24	72	1.635	10,4	
116	-37,85 MLWS	40,75	24	72	1.659	10,4	
117	-38,10 MLWS	41,00	24	72	1.683	10,4	
118	-38,35 MLWS	41,25	24	75	1.707	10,4	
119	-38,60 MLWS	41,50	23	75	1.730	10,9	
120	-38,85 MLWS	41,75	26	75	1.756	9,6	
121	-39,10 MLWS	42,00	21	75	1.777	11,9	
122	-39,35 MLWS	42,25	25	75	1.802	10,0	
123	-39,60 MLWS	42,50	24	75	1.826	10,4	
124	-39,85 MLWS	42,75	25	75	1.851	10,0	
125	-40,10 MLWS	43,00	23	75	1.874	10,9	
126	-40,35 MLWS	43,25	25	75	1.899	10,0	
127	-40,60 MLWS	43,50	23	75	1.922	10,9	
128	-40,85 MLWS	43,75	26	75	1.948	9,6	
129	-41,10 MLWS	44,00	26	75	1.974	9,6	
130	-41,35 MLWS	44,25	25	75	1.999	10,0	
131	-41,60 MLWS	44,50	25	75	2.024	10,0	
132	-41,85 MLWS	44,75	26	75	2.050	9,6	
133	-42,10 MLWS	45,00	70	72	2.120	3,6	
134	-42,35 MLWS	45,25	70	90	2.190	3,6	
135	-42,60 MLWS	45,50	63	150	2.253	4,0	
136	-42,85 MLWS	45,75	32	150	2.285	7,8	
137	-43,10 MLWS	46,00	34	150	2.319	7,4	
138	-43,35 MLWS	46,25	34	150	2.353	7,4	
139	-43,60 MLWS	46,50	32	150	2.385	7,8	
140	-43,85 MLWS	46,75	32	150	2.417	7,8	
141	-44,10 MLWS	47,00	32	150	2.449	7,8	
142	-44,35 MLWS	47,25	32	150	2.481	7,8	
143	-44,60 MLWS	47,50	32	150	2.513	7,8	
144	-44,85 MLWS	47,75	32	150	2.545	7,8	
145	-45,10 MLWS	48,00	31	150	2.576	8,1	
146	-45,35 MLWS	48,25	32	150	2.608	7,8	
147	-45,60 MLWS	48,50	33	150	2.641	7,6	
148	-45,85 MLWS	48,75	33	150	2.674	7,6	
149	-46,10 MLWS	49,00	32	150	2.706	7,8	
150	-46,35 MLWS	49,25	30	150	2.736	8,3	
151	-46,60 MLWS	49,50	32	150	2.768	7,8	
152	-46,85 MLWS	49,75	32	150	2.800	7,8	
153	-47,10 MLWS	50,00	32	150	2.832	7,8	
154	-47,35 MLWS	50,25	32	150	2.864	7,8	
155	-47,60 MLWS	50,50	31	170	2.895	8,1	
156	-47,85 MLWS	50,75	30	170	2.925	8,3	
157	-48,10 MLWS	51,00	28	170	2.953	8,9	
158	-48,35 MLWS	51,25	28	170	2.981	8,9	
159	-48,60 MLWS	51,50	29	170	3.010	8,6	
160	-48,85 MLWS	51,75	29	170	3.039	8,6	
161	-49,10 MLWS	52,00	29	170	3.068	8,6	
162	-49,35 MLWS	52,25	29	170	3.097	8,6	
163	-49,60 MLWS	52,50	31	170	3.128	8,1	
164	-49,85 MLWS	52,75	29	170	3.157	8,6	
165	-50,10 MLWS	53,00	30	170	3.187	8,3	
166	-50,35 MLWS	53,25	30	170	3.217	8,3	
167	-50,60 MLWS	53,50	30	170	3.247	8,3	
168	-50,85 MLWS	53,75	31	170	3.278	8,1	
169	-51,10 MLWS	54,00	32	170	3.310	7,8	
170	-51,35 MLWS	54,25	31	170	3.341	8,1	
171	-51,60 MLWS	54,50	31	170	3.372	8,1	
172	-51,85 MLWS	54,75	33	170	3.405	7,6	
173	-52,10 MLWS	55,00	30	190	3.435	8,3	
174	-52,35 MLWS	55,25	30	190	3.465	8,3	
175	-52,60 MLWS	55,50	30	190	3.495	8,3	
176	-52,85 MLWS	55,75	30	190	3.525	8,3	
177	-53,10 MLWS	56,00	31	190	3.556	8,1	
178	-53,35 MLWS	56,25	31	190	3.587	8,1	
179	-53,60 MLWS	56,50	32	190	3.619	7,8	
180	-53,85 MLWS	56,75	32	190	3.651	7,8	
181	-54,10 MLWS	57,00	32	190	3.683	7,8	
182	-54,35 MLWS	57,25	33	190	3.716	7,6	
183	-54,60 MLWS	57,50	34	190	3.750	7,4	
184	-54,85 MLWS	57,75	35	190	3.785	7,1	
185	-55,10 MLWS	58,00	34	190	3.819	7,4	
186	-55,35 MLWS	58,25	34	190	3.853	7,4	
187	-55,60 MLWS	58,50	34	190	3.887	7,4	
188	-55,85 MLWS	58,75	34	190	3.921	7,4	
189	-56,10 MLWS	59,00	35	190	3.956	7,1	
190	-56,35 MLWS	59,25	37	190	3.993	6,8	
191	-56,60 MLWS	59,50	36	190	4.029	6,9	
192	-56,85 MLWS	59,75	36	190	4.065	6,9	
193	-57,10 MLWS	60,00	37	190	4.102	6,8	
194	-57,35 MLWS	60,25	36	190	4.138	6,9	
195	-57,60 MLWS	60,50	33	210	4.171	7,6	
196	-57,85 MLWS	60,75	33	210	4.204	7,6	
197	-58,10 MLWS	61,00	33	210	4.237	7,6	
198	-58,35 MLWS	61,25	32	210	4.269	7,8	
199	-58,60 MLWS	61,50	33	210	4.302	7,6	
200	-58,85 MLWS	61,75	33	210	4.335	7,6	
201	-59,10 MLWS	62,00	34	210	4.369	7,4	
202	-59,35 MLWS	62,25	33	210	4.402	7,6	
203	-59,60 MLWS	62,50	36	210	4.438	6,9	
204	-59,85 MLWS	62,75	33	210	4.471	7,6	
205	-60,10 MLWS	63,00	34	210	4.505	7,4	
206	-60,35 MLWS	63,25	34	210	4.539	7,4	
207	-60,60 MLWS	63,50	34	210	4.573	7,4	
208	-60,85 MLWS	63,75	35	210	4.608	7,1	
209	-61,10 MLWS	64,00	35	210	4.643	7,1	
210	-61,35 MLWS	64,25	35	210	4.678	7,1	
211	-61,60 MLWS	64,50	36	210	4.714	6,9	
212	-61,85 MLWS	64,75	38	210	4.752	6,6	
213	-62,10 MLWS	65,00	34	220	4.786	7,4	
214	-62,35 MLWS	65,25	34	220	4.820	7,4	
215	-62,60 MLWS	65,50	36	220	4.856	6,9	
216	-62,85 MLWS	65,75	37	220	4.893	6,8	
217	-63,10 MLWS	66,00	37	220	4.930	6,8	
218	-63,35 MLWS	66,25	38	220	4.968	6,6	
219	-63,60 MLWS	66,50	37	220	5.005	6,8	
220	-63,85 MLWS	66,75	37	220	5.042	6,8	
221	-64,10 MLWS	67,00	37	220	5.079	6,8	
222	-64,35 MLWS	67,25	38	220	5.117	6,6	
223	-64,60 MLWS	67,50	37	220	5.154	6,8	
224	-64,85 MLWS	67,75	38	220	5.192	6,6	
225	-65,10 MLWS	68,00	37	220	5.229	6,8	
226	-65,35 MLWS	68,25	38	220	5.267	6,6	
227	-65,60 MLWS	68,50	37	220	5.304	6,8	
228	-65,85 MLWS	68,75	41	220	5.345	6,1	
229	-66,10 MLWS	69,00	28	220	5.373	8,9	
230	-66,35 MLWS	69,25	74	150	5.447	3,4	
231	-66,60 MLWS	69,50	120	200	5.567	2,1	
232	-66,85 MLWS	69,75	102	210	5.669	2,5	
233	-67,10 MLWS	70,00	98	220	5.767	2,6	
234	-67,35 MLWS	70,25	115	220	5.882	2,2	
235	-67,60 MLWS	70,50	141	220	6.023	1,8	
236	-67,85 MLWS	70,75	160	220	6.183	1,6	
237	-68,10 MLWS	71,00	141	220	6.324	1,8	
238	-68,35 MLWS	71,25	149	220	6.473	1,7	
239	-68,60 MLWS	71,50	300	220	6.773	0,8	
240	-68,85 MLWS	71,75	69	220	6.842	3,6	
