N°	Toe Level	Graduation	Blow_Count	Energy(kJ)	Cumulative_blow_Count	Penetration_per_blow(mm/blow)	comments
1	-5,95 MLWS	9,00					
2	-6,20 MLWS	9,25	4	36	4	63	
3	-6,45 MLWS	9,50	12	45	16	21	
4	-6,70 MLWS	9,75	6	72	22	42	
5	-6,95 MLWS	10,00	7	72	29	36	
6	-7,20 MLWS	10,25	8	72	37	31	
7	-7,45 MLWS	10,50	8	72	45	31	
8	-7,70 MLWS	10,75	9	72	54	28	
9	-7,95 MLWS	11,00	7	72	61	36	
10	-8,20 MLWS	11,25	8	72	69	31	
11	-8,45 MLWS	11,50	9	72	78	28	
12	-8,70 MLWS	11,75	11	72	89	23	
13	-8,95 MLWS	12,00	10	72	99	25	
14	-9,20 MLWS	12,25	12	72	111	21	
15	-9,45 MLWS	12,50	15	72	126	17	
16	-9,70 MLWS	12,75	15	72	141	17	
17	-9,95 MLWS	13,00	14	72	155	18	
18	-10,20 MLWS	13,25	14	72	169	18	
19	-10,45 MLWS	13,50	14	72	183	18	
20	-10,70 MLWS	13,75	13	72	196	19	
21	-10,95 MLWS	14,00	14	72	210	18	
22	-11,20 MLWS	14,25	14	72	224	18	
23	-11,45 MLWS	14,50	14	72	238	18	
24	-11,70 MLWS	14,75	14	72	252	18	
25	-11,95 MLWS	15,00	13	72	265	19	
26	-12,20 MLWS	15,25	8	72	273	31	
27	-12,45 MLWS	15,50	10	72	283	25	
28	-12,70 MLWS	15,75	12	72	295	21	
29	-12,95 MLWS	16,00	12	72	307	21	
30	-13,20 MLWS	16,25	13	72	320	19	
31	-13,45 MLWS	16,50	12	72	332	21	
32	-13,70 MLWS	16,75	11	72	343	23	
33	-13,95 MLWS	17,00	11	72	354	23	
34	-14,20 MLWS	17,25	10	72	364	25	
35	-14,45 MLWS	17,50	10	72	374	25	
36	-14,70 MLWS	17,75	9	72	383	28	
37	-14,95 MLWS	18,00	11	72	394	23	
38	-15,20 MLWS	18,25	10	72	404	25	
39	-15,45 MLWS	18,50	9	72	413	28	
40	-15,70 MLWS	18,75	9	72	422	28	
41	-15,95 MLWS	19,00	9	72	431	28	
42	-16,20 MLWS	19,25	9	72	440	28	
43	-16,45 MLWS	19,50	9	72	449	28	
44	-16,70 MLWS	19,75	9	72	458	28	
45	-16,95 MLWS	20,00	10	72	468	25	
46	-17,20 MLWS	20,25	9	72	477	28	
47	-17,45 MLWS	20,50	10	72	487	25	
48	-17,70 MLWS	20,75	10	72	497	25	
49	-17,95 MLWS	21,00	10	72	507	25	
50	-18,20 MLWS	21,25	9	72	516	28	
51	-18,45 MLWS	21,50	10	72	526	25,0	
52	-18,70 MLWS	21,75	10	72	536	25,0	
53	-18,95 MLWS	22,00	26	72	562	9,6	
54	-19,20 MLWS	22,25	19	72	581	13,2	
55	-19,45 MLWS	22,50	14	72	595	17,9	
56	-19,70 MLWS	22,75	15	72	610	16,7	
57	-19,95 MLWS	23,00	16	72	626	15,6	
58	-20,20 MLWS	23,25	15	72	641	16,7	
59	-20,45 MLWS	23,50	20	72	661	12,5	
60	-20,70 MLWS	23,75	18	72	679	13,9	
61	-20,95 MLWS	24,00	15	72	694	16,7	
62	-21,20 MLWS	24,25	14	72	708	17,9	
63	-21,45 MLWS	24,50	14	72	722	17,9	
64	-21,70 MLWS	24,75	14	72	736	17,9	
65	-21,95 MLWS	25,00	13	72	749	19,2	
66	-22,20 MLWS	25,25	13	72	762	19,2	
67	-22,45 MLWS	25,50	13	72	775	19,2	
68	-22,70 MLWS	25,75	14	72	789	17,9	
69	-22,95 MLWS	26,00	13	72	802	19,2	
70	-23,20 MLWS	26,25	14	72	816	17,9	
71	-23,45 MLWS	26,50	14	72	830	17,9	
72	-23,70 MLWS	26,75	13	72	843	19,2	
73	-23,95 MLWS	27,00	14	72	857	17,9	
74	-24,20 MLWS	27,25	14	72	871	17,9	
75	-24,45 MLWS	27,50	14	72	885	17,9	
76	-24,70 MLWS	27,75	14	72	899	17,9	
77	-24,95 MLWS	28,00	15	72	914	16,7	
78	-25,20 MLWS	28,25	15	72	929	16,7	
79	-25,45 MLWS	28,50	14	72	943	17,9	
80	-25,70 MLWS	28,75	13	72	956	19,2	
81	-25,95 MLWS	29,00	13	72	969	19,2	
82	-26,20 MLWS	29,25	14	72	983	17,9	
83	-26,45 MLWS	29,50	14	72	997	17,9	
84	-26,70 MLWS	29,75	14	72	1.011	17,9	
85	-26,95 MLWS	30,00	14	72	1.025	17,9	
86	-27,20 MLWS	30,25	15	72	1.040	16,7	
87	-27,45 MLWS	30,50	15	72	1.055	16,7	
88	-27,70 MLWS	30,75	15	72	1.070	16,7	
89	-27,95 MLWS	31,00	15	72	1.085	16,7	
90	-28,20 MLWS	31,25	15	72	1.100	16,7	
91	-28,45 MLWS	31,50	15	72	1.115	16,7	
92	-28,70 MLWS	31,75	15	72	1.130	16,7	
93	-28,95 MLWS	32,00	15	72	1.145	16,7	
94	-29,20 MLWS	32,25	15	72	1.160	16,7	
95	-29,45 MLWS	32,50	15	72	1.175	16,7	
96	-29,70 MLWS	32,75	15	72	1.190	16,7	
97	-29,95 MLWS	33,00	15	72	1.205	16,7	
98	-30,20 MLWS	33,25	15	72	1.220	16,7	
99	-30,45 MLWS	33,50	16	72	1.236	15,6	
100	-30,70 MLWS	33,75	16	72	1.252	15,6	
101	-30,95 MLWS	34,00	16	72	1.268	15,6	
102	-31,20 MLWS	34,25	16	72	1.284	15,6	
103	-31,45 MLWS	34,50	16	72	1.300	15,6	
104	-31,70 MLWS	34,75	17	72	1.317	14,7	
105	-31,95 MLWS	35,00	17	72	1.334	14,7	
106	-32,20 MLWS	35,25	16	72	1.350	15,6	
107	-32,45 MLWS	35,50	17	72	1.367	14,7	
108	-32,70 MLWS	35,75	17	72	1.384	14,7	
109	-32,95 MLWS	36,00	18	72	1.402	13,9	
110	-33,20 MLWS	36,25	18	72	1.420	13,9	
111	-33,45 MLWS	36,50	18	72	1.438	13,9	
112	-33,70 MLWS	36,75	18	72	1.456	13,9	
113	-33,95 MLWS	37,00	18	72	1.474	13,9	
114	-34,20 MLWS	37,25	19	72	1.493	13,2	
115	-34,45 MLWS	37,50	18	72	1.511	13,9	
116	-34,70 MLWS	37,75	18	72	1.529	13,9	
117	-34,95 MLWS	38,00	18	72	1.547	13,9	
118	-35,20 MLWS	38,25	19	72	1.566	13,2	
119	-35,45 MLWS	38,50	20	72	1.586	12,5	
120	-35,70 MLWS	38,75	21	72	1.607	11,9	
121	-35,95 MLWS	39,00	21	72	1.628	11,9	
122	-36,20 MLWS	39,25	21	72	1.649	11,9	
123	-36,45 MLWS	39,50	21	72	1.670	11,9	
124	-36,70 MLWS	39,75	21	72	1.691	11,9	
125	-36,95 MLWS	40,00	20	72	1.711	12,5	
126	-37,20 MLWS	40,25	20	72	1.731	12,5	
127	-37,45 MLWS	40,50	20	72	1.751	12,5	
128	-37,70 MLWS	40,75	20	72	1.771	12,5	
129	-37,95 MLWS	41,00	20	72	1.791	12,5	
130	-38,20 MLWS	41,25	20	72	1.811	12,5	
131	-38,45 MLWS	41,50	21	72	1.832	11,9	
132	-38,70 MLWS	41,75	21	72	1.853	11,9	
133	-38,95 MLWS	42,00	21	72	1.874	11,9	
134	-39,20 MLWS	42,25	21	72	1.895	11,9	
135	-39,45 MLWS	42,50	21	72	1.916	11,9	
136	-39,70 MLWS	42,75	21	72	1.937	11,9	
137	-39,95 MLWS	43,00	20	72	1.957	12,5	
138	-40,20 MLWS	43,25	20	72	1.977	12,5	
139	-40,45 MLWS	43,50	20	72	1.997	12,5	
140	-40,70 MLWS	43,75	23	72	2.020	10,9	
141	-40,95 MLWS	44,00	22	72	2.042	11,4	
142	-41,20 MLWS	44,25	23	72	2.065	10,9	
143	-41,45 MLWS	44,50	23	72	2.088	10,9	
144	-41,70 MLWS	44,75	23	72	2.111	10,9	
145	-41,95 MLWS	45,00	23	72	2.134	10,9	
146	-42,20 MLWS	45,25	37	72	2.171	6,8	
147	-42,45 MLWS	45,50	51	72	2.222	4,9	
148	-42,70 MLWS	45,75	44	150	2.266	5,7	
149	-42,95 MLWS	46,00	21	150	2.287	11,9	
150	-43,20 MLWS	46,25	26	150	2.313	9,6	
151	-43,45 MLWS	46,50	26	150	2.339	9,6	
152	-43,70 MLWS	46,75	27	150	2.366	9,3	
153	-43,95 MLWS	47,00	28	150	2.394	8,9	
154	-44,20 MLWS	47,25	29	150	2.423	8,6	
155	-44,45 MLWS	47,50	21	150	2.444	11,9	
156	-44,70 MLWS	47,75	24	150	2.468	10,4	
157	-44,95 MLWS	48,00	26	150	2.494	9,6	
158	-45,20 MLWS	48,25	28	150	2.522	8,9	
159	-45,45 MLWS	48,50	21	150	2.543	11,9	
160	-45,70 MLWS	48,75	25	150	2.568	10,0	
161	-45,95 MLWS	49,00	26	150	2.594	9,6	
162	-46,20 MLWS	49,25	28	150	2.622	8,9	
163	-46,45 MLWS	49,50	25	160	2.647	10,0	
164	-46,70 MLWS	49,75	21	160	2.668	11,9	
165	-46,95 MLWS	50,00	21	160	2.689	11,9	
166	-47,20 MLWS	50,25	21	160	2.710	11,9	
167	-47,45 MLWS	50,50	21	160	2.731	11,9	
168	-47,70 MLWS	50,75	24	160	2.755	10,4	
169	-47,95 MLWS	51,00	26	160	2.781	9,6	
170	-48,20 MLWS	51,25	26	160	2.807	9,6	
171	-48,45 MLWS	51,50	28	160	2.835	8,9	
172	-48,70 MLWS	51,75	23	160	2.858	10,9	
173	-48,95 MLWS	52,00	24	160	2.882	10,4	
174	-49,20 MLWS	52,25	29	160	2.911	8,6	
175	-49,45 MLWS	52,50	21	160	2.932	11,9	
176	-49,70 MLWS	52,75	25	160	2.957	10,0	
177	-49,95 MLWS	53,00	28	160	2.985	8,9	
178	-50,20 MLWS	53,25	33	100	3.018	7,6	
179	-50,45 MLWS	53,50	41	100	3.059	6,1	
180	-50,70 MLWS	53,75	43	100	3.102	5,8	
181	-50,95 MLWS	54,00	42	130	3.144	6,0	
182	-51,20 MLWS	54,25	38	130	3.182	6,6	
183	-51,45 MLWS	54,50	31	130	3.213	8,1	
184	-51,70 MLWS	54,75	31	130	3.244	8,1	
185	-51,95 MLWS	55,00	35	130	3.279	7,1	
186	-52,20 MLWS	55,25	36	130	3.315	6,9	
187	-52,45 MLWS	55,50	31	130	3.346	8,1	
188	-52,70 MLWS	55,75	31	130	3.377	8,1	
189	-52,95 MLWS	56,00	35	130	3.412	7,1	
190	-53,20 MLWS	56,25	34	150	3.446	7,4	
191	-53,45 MLWS	56,50	31	150	3.477	8,1	
192	-53,70 MLWS	56,75	28	150	3.505	8,9	
193	-53,95 MLWS	57,00	31	150	3.536	8,1	
194	-54,20 MLWS	57,25	36	150	3.572	6,9	
195	-54,45 MLWS	57,50	31	150	3.603	8,1	
196	-54,70 MLWS	57,75	31	150	3.634	8,1	
197	-54,95 MLWS	58,00	33	150	3.667	7,6	
198	-55,20 MLWS	58,25	33	150	3.700	7,6	
199	-55,45 MLWS	58,50	41	150	3.741	6,1	
200	-55,70 MLWS	58,75	35	150	3.776	7,1	
201	-55,95 MLWS	59,00	36	150	3.812	6,9	
202	-56,20 MLWS	59,25	35	160	3.847	7,1	
203	-56,45 MLWS	59,50	36	160	3.883	6,9	253 6.200 -
204	-56,70 MLWS	59,75	36	160	3.919	6,9	254 6.200 -
205	-56,95 MLWS	60,00	36	160	3.955	6,9	255 6.200 -
206	-57,20 MLWS	60,25	32	180	3.987	7,8	256 6.200 -
207	-57,45 MLWS	60,50	33	180	4.020	7,6	257 6.200 -
208	-57,70 MLWS	60,75	33	180	4.053	7,6	258 6.200 -
209	-57,95 MLWS	61,00	34	180	4.087	7,4	259 6.200 -
210	-58,20 MLWS	61,25	30	180	4.117	8,3	260 6.200 -
211	-58,45 MLWS	61,50	36	180	4.153	6,9	261 6.200 -
212	-58,70 MLWS	61,75	29	180	4.182	8,6	262 6.200 -
213	-58,95 MLWS	62,00	35	180	4.217	7,1	263 6.200 -
214	-59,20 MLWS	62,25	31	180	4.248	8,1	264 6.200 -
215	-59,45 MLWS	62,50	35	180	4.283	7,1	265 6.200 -
216	-59,70 MLWS	62,75	29	180	4.312	8,6	266 6.200 -
217	-59,95 MLWS	63,00	36	180	4.348	6,9	267 6.200 -
218	-60,20 MLWS	63,25	31	180	4.379	8,1	268 6.200 -
219	-60,45 MLWS	63,50	35	180	4.414	7,1	269 6.200 -
220	-60,70 MLWS	63,75	32	180	4.446	7,8	270 6.200 -
221	-60,95 MLWS	64,00	38	180	4.484	6,6	271 6.200 -
222	-61,20 MLWS	64,25	32	180	4.516	7,8	272 6.200 -
223	-61,45 MLWS	64,50	35	180	4.551	7,1	273 6.200 -
224	-61,70 MLWS	64,75	35	180	4.586	7,1	274 6.200 -
225	-61,95 MLWS	65,00	36	180	4.622	6,9	275 6.200 -
226	-62,20 MLWS	65,25	35	180	4.657	7,1	276 6.200 -
227	-62,45 MLWS	65,50	36	180	4.693	6,9	277 6.200 -
228	-62,70 MLWS	65,75	31	180	4.724	8,1	278 6.200 -
229	-62,95 MLWS	66,00	31	180	4.755	8,1	279 6.200 -
230	-63,20 MLWS	66,25	36	180	4.791	6,9	280 6.200 -
231	-63,45 MLWS	66,50	39	180	4.830	6,4	281 6.200 -
232	-63,70 MLWS	66,75	31	180	4.861	8,1	282 6.200 -
233	-63,95 MLWS	67,00	38	180	4.899	6,6	283 6.200 -
234	-64,20 MLWS	67,25	34	210	4.933	7,4	284 6.200 -
235	-64,45 MLWS	67,50	35	210	4.968	7,1	285 6.200 -
236	-64,70 MLWS	67,75	29	210	4.997	8,6	286 6.200 -
237	-64,95 MLWS	68,00	35	210	5.032	7,1	287 6.200 -
238	-65,20 MLWS	68,25	33	210	5.065	7,6	288 6.200 -
239	-65,45 MLWS	68,50	36	210	5.101	6,9	289 6.200 -
240	-65,70 MLWS	68,75	33	210	5.134	7,6	290 6.200 -
241	-65,95 MLWS	69,00	36	210	5.170	6,9	291 6.200 -
242	-66,20 MLWS	69,25	33	210	5.203	7,6	292 6.200 -
243	-66,45 MLWS	69,50	77	230	5.280	3,2	293 6.200 -
244	-66,70 MLWS	69,75	94	230	5.374	2,7	294 6.200 -
245	-66,95 MLWS	70,00	98	230	5.472	2,6	295 6.200 -
246	-67,20 MLWS	70,25	89	230	5.561	2,8	296 6.200 -
247	-67,45 MLWS	70,50	140	230	5.701	1,8	297 6.200 -
248	-67,70 MLWS	70,75	132	230	5.833	1,9	298 6.200 -
249	-67,95 MLWS	71,00	106	230	5.939	2,4	299 6.200 -
250	-68,20 MLWS	71,25	79	230	6.018	3,2	300 6.200 -
251	-68,45 MLWS	71,50	80	230	6.098	3,1	
252	-68,70 MLWS	71,75	102	230	6.200	2,5	
